 0     0
 -0.0100413     -0.00426504
 -0.0200817     -0.00852809
 -0.0301205     -0.0127872
 -0.0401567     -0.0170403
 -0.0501896     -0.0212854
 -0.0602182     -0.0255206
 -0.0702419     -0.0297438
 -0.0802596     -0.0339531
 -0.0902707     -0.0381465
 -0.100274     -0.042322
 -0.110269     -0.0464776
 -0.120255     -0.0506113
 -0.130231     -0.054721
 -0.140196     -0.058805
 -0.150149     -0.062861
 -0.160089     -0.0668872
 -0.170016     -0.0708816
 -0.179929     -0.0748421
 -0.189827     -0.0787668
 -0.199708     -0.0826537
 -0.209573     -0.0865008
 -0.21942     -0.0903061
 -0.229249     -0.0940676
 -0.239059     -0.0977833
 -0.248848     -0.101451
 -0.258616     -0.105069
 -0.268363     -0.108636
 -0.278086     -0.112149
 -0.287787     -0.115606
 -0.297463     -0.119005
 -0.307113     -0.122344
 -0.316738     -0.125622
 -0.326336     -0.128836
 -0.335906     -0.131985
 -0.345447     -0.135066
 -0.354959     -0.138077
 -0.364441     -0.141016
 -0.373892     -0.143882
 -0.383311     -0.146673
 -0.392697     -0.149385
 -0.40205     -0.152018
 -0.411368     -0.15457
 -0.420651     -0.157037
 -0.429897     -0.15942
 -0.439107     -0.161714
 -0.448279     -0.163919
 -0.457412     -0.166033
 -0.466506     -0.168053
 -0.47556     -0.169977
 -0.484572     -0.171804
 -0.493542     -0.173532
 -0.50247     -0.175158
 -0.511354     -0.17668
 -0.520193     -0.178097
 -0.528987     -0.179407
 -0.537735     -0.180607
 -0.546435     -0.181695
 -0.555088     -0.18267
 -0.563692     -0.18353
 -0.572247     -0.184272
 -0.580751     -0.184895
 -0.589204     -0.185396
 -0.597605     -0.185775
 -0.605953     -0.186027
 -0.614247     -0.186152
 -0.622487     -0.186148
 -0.630671     -0.186013
 -0.638799     -0.185744
 -0.64687     -0.18534
 -0.654882     -0.184798
 -0.662836     -0.184118
 -0.670731     -0.183295
 -0.678565     -0.18233
 -0.686337     -0.181219
 -0.694048     -0.179961
 -0.701695     -0.178554
 -0.709279     -0.176996
 -0.716798     -0.175284
 -0.724251     -0.173417
 -0.731638     -0.171393
 -0.738958     -0.169209
 -0.74621     -0.166864
 -0.753393     -0.164357
 -0.760506     -0.161684
 -0.767549     -0.158843
 -0.77452     -0.155834
 -0.781419     -0.152653
 -0.788245     -0.149299
 -0.794997     -0.145771
 -0.801675     -0.142065
 -0.808276     -0.138179
 -0.814802     -0.134113
 -0.82125     -0.129864
 -0.827619     -0.125429
 -0.83391     -0.120808
 -0.840122     -0.115997
 -0.846252     -0.110995
 -0.852301     -0.105801
 -0.858268     -0.100411
 -0.864151     -0.0948241
 -0.869951     -0.0890391
 -0.875666     -0.0830585
 -0.881294     -0.0768856
 -0.886836     -0.0705238
 -0.89229     -0.0639766
 -0.897656     -0.0572472
 -0.902931     -0.0503391
 -0.908116     -0.0432556
 -0.91321     -0.0360002
 -0.91821     -0.0285762
 -0.923118     -0.020987
 -0.927931     -0.0132359
 -0.932648     -0.00532642
 -0.937269     0.00273813
 -0.941793     0.0109544
 -0.946218     0.0193189
 -0.950545     0.0278283
 -0.954771     0.0364793
 -0.958896     0.0452684
 -0.962919     0.0541922
 -0.966839     0.0632475
 -0.970654     0.0724307
 -0.974365     0.0817386
 -0.977971     0.0911677
 -0.981469     0.100715
 -0.984859     0.110376
 -0.988141     0.120149
 -0.991313     0.130029
 -0.994375     0.140013
 -0.997325     0.150099
 -1.00016     0.160282
 -1.00289     0.170559
 -1.0055     0.180927
 -1.00799     0.191383
 -1.01037     0.201922
 -1.01263     0.212542
 -1.01477     0.22324
 -1.01679     0.234011
 -1.0187     0.244853
 -1.02048     0.255762
 -1.02214     0.266734
 -1.02367     0.277767
 -1.02509     0.288857
 -1.02637     0.300001
 -1.02754     0.311194
 -1.02857     0.322435
 -1.02948     0.333719
 -1.03026     0.345043
 -1.03091     0.356404
 -1.03143     0.367798
 -1.03181     0.379222
 -1.03207     0.390673
 -1.03219     0.402146
 -1.03217     0.41364
 -1.03203     0.425149
 -1.03174     0.436672
 -1.03132     0.448205
 -1.03076     0.459743
 -1.03006     0.471285
 -1.02922     0.482826
 -1.02824     0.494363
 -1.02711     0.505893
 -1.02585     0.517412
 -1.02444     0.528917
 -1.02288     0.540405
 -1.02118     0.551872
 -1.01934     0.563314
 -1.01734     0.574729
 -1.0152     0.586113
 -1.0129     0.597463
 -1.01046     0.608775
 -1.00786     0.620046
 -1.00512     0.631272
 -1.00221     0.642451
 -0.999158     0.653578
 -0.995947     0.664651
 -0.992579     0.675665
 -0.989055     0.686619
 -0.985372     0.697507
 -0.98153     0.708327
 -0.977527     0.719076
 -0.973364     0.72975
 -0.969039     0.740345
 -0.964551     0.750859
 -0.959899     0.761287
 -0.955082     0.771628
 -0.950099     0.781876
 -0.944949     0.792029
 -0.939632     0.802084
 -0.934146     0.812036
 -0.928491     0.821883
 -0.922664     0.831622
 -0.916667     0.841248
 -0.910497     0.850758
 -0.904153     0.86015
 -0.897635     0.86942
 -0.890942     0.878564
 -0.884073     0.887578
 -0.877026     0.896461
 -0.869801     0.905207
 -0.862398     0.913815
 -0.854818     0.922284
 -0.847064     0.930614
 -0.83914     0.938805
 -0.831046     0.946858
 -0.822787     0.954771
 -0.814364     0.962547
 -0.805781     0.970184
 -0.79704     0.977683
 -0.788144     0.985044
 -0.779095     0.992267
 -0.769897     0.999353
 -0.76055     1.0063
 -0.75106     1.01311
 -0.741427     1.01978
 -0.731654     1.02632
 -0.721746     1.03272
 -0.711702     1.03898
 -0.701528     1.0451
 -0.691225     1.05109
 -0.680795     1.05694
 -0.670243     1.06266
 -0.659569     1.06824
 -0.648777     1.07368
 -0.63787     1.07898
 -0.62685     1.08415
 -0.615719     1.08919
 -0.604481     1.09409
 -0.593138     1.09885
 -0.581693     1.10348
 -0.570149     1.10797
 -0.558507     1.11233
 -0.546771     1.11655
 -0.534943     1.12064
 -0.523026     1.12459
 -0.511023     1.12841
 -0.498936     1.13209
 -0.486768     1.13564
 -0.474522     1.13905
 -0.4622     1.14234
 -0.449805     1.14548
 -0.437339     1.14849
 -0.424806     1.15137
 -0.412207     1.15412
 -0.399546     1.15673
 -0.386825     1.15921
 -0.374046     1.16155
 -0.361214     1.16377
 -0.348329     1.16585
 -0.335395     1.16779
 -0.322414     1.16961
 -0.30939     1.17129
 -0.296324     1.17284
 -0.283219     1.17425
 -0.270079     1.17554
 -0.256905     1.17669
 -0.2437     1.17771
 -0.230468     1.1786
 -0.217209     1.17935
 -0.203929     1.17998
 -0.190628     1.18047
 -0.177309     1.18084
 -0.163976     1.18107
 -0.15063     1.18117
 -0.137276     1.18114
 -0.123914     1.18098
 -0.110548     1.18068
 -0.0971802     1.18026
 -0.0838137     1.17971
 -0.0704509     1.17903
 -0.0570946     1.17821
 -0.0437473     1.17727
 -0.0304117     1.1762
 -0.0170904     1.17499
 -0.00378615     1.17366
 0.00949848     1.1722
 0.0227608     1.17061
 0.0359982     1.16889
 0.049208     1.16704
 0.0623876     1.16506
 0.0755343     1.16295
 0.0886454     1.16072
 0.101718     1.15835
 0.11475     1.15586
 0.127739     1.15324
 0.140681     1.15049
 0.153575     1.14761
 0.166417     1.14461
 0.179205     1.14148
 0.191937     1.13822
 0.204609     1.13483
 0.217219     1.13131
 0.229764     1.12767
 0.242242     1.1239
 0.25465     1.12001
 0.266985     1.11598
 0.279245     1.11183
 0.291427     1.10755
 0.303528     1.10315
 0.315547     1.09862
 0.327479     1.09397
 0.339326     1.08919
 0.351087     1.08428
 0.362761     1.07925
 0.374349     1.0741
 0.385851     1.06883
 0.397266     1.06345
 0.408594     1.05794
 0.419836     1.05231
 0.430991     1.04657
 0.442059     1.04071
 0.45304     1.03474
 0.463934     1.02866
 0.474741     1.02247
 0.48546     1.01616
 0.496092     1.00975
 0.506636     1.00322
 0.517093     0.996594
 0.527462     0.989858
 0.537743     0.983016
 0.547936     0.976071
 0.558041     0.969023
 0.568058     0.961874
 0.577986     0.954624
 0.587826     0.947274
 0.597578     0.939826
 0.607241     0.932281
 0.616816     0.92464
 0.626301     0.916904
 0.635698     0.909075
 0.645006     0.901152
 0.654224     0.893138
 0.663354     0.885034
 0.672394     0.87684
 0.681345     0.868558
 0.690206     0.860188
 0.698978     0.851733
 0.70766     0.843193
 0.716252     0.834569
 0.724754     0.825862
 0.733166     0.817074
 0.741488     0.808206
 0.74972     0.799258
 0.757861     0.790232
 0.765912     0.781129
 0.773873     0.77195
 0.781742     0.762696
 0.789521     0.753369
 0.79721     0.743968
 0.804807     0.734497
 0.812313     0.724955
 0.819728     0.715343
 0.827052     0.705664
 0.834284     0.695918
 0.841425     0.686105
 0.848474     0.676228
 0.855432     0.666287
 0.862298     0.656284
 0.869072     0.646219
 0.875754     0.636094
 0.882344     0.62591
 0.888842     0.615668
 0.895247     0.605368
 0.90156     0.595013
 0.907781     0.584603
 0.913908     0.57414
 0.919944     0.563624
 0.925886     0.553056
 0.931735     0.542438
 0.937492     0.531772
 0.943155     0.521057
 0.948725     0.510295
 0.954202     0.499487
 0.959585     0.488635
 0.964875     0.477739
 0.970071     0.466801
 0.975174     0.455821
 0.980182     0.444801
 0.985097     0.433742
 0.989917     0.422646
 0.994644     0.411512
 0.999276     0.400342
 1.00381     0.389138
 1.00826     0.3779
 1.01261     0.36663
 1.01686     0.355329
 1.02102     0.343997
 1.02508     0.332637
 1.02905     0.321248
 1.03293     0.309833
 1.03671     0.298392
 1.04039     0.286926
 1.04398     0.275437
 1.04747     0.263926
 1.05087     0.252393
 1.05417     0.24084
 1.05738     0.229269
 1.06049     0.217679
 1.0635     0.206073
 1.06642     0.194451
 1.06924     0.182814
 1.07196     0.171164
 1.07459     0.1595
 1.07713     0.147825
 1.07957     0.136138
 1.08191     0.124441
 1.08416     0.112735
 1.08631     0.101019
 1.08837     0.089296
 1.09033     0.0775654
 1.0922     0.0658285
 1.09398     0.0540861
 1.09566     0.0423389
 1.09725     0.0305879
 1.09874     0.0188339
 1.10014     0.00707754
 1.10145     -0.0046802
 1.10266     -0.0164386
 1.10379     -0.0281967
 1.10481     -0.0399538
 1.10575     -0.0517091
 1.10659     -0.0634616
 1.10735     -0.0752107
 1.108     -0.0869555
 1.10857     -0.0986952
 1.10905     -0.110429
 1.10943     -0.122156
 1.10973     -0.133875
 1.10993     -0.145586
 1.11004     -0.157288
 1.11006     -0.16898
 1.10999     -0.18066
 1.10983     -0.19233
 1.10958     -0.203986
 1.10924     -0.21563
 1.10881     -0.227259
 1.10829     -0.238873
 1.10769     -0.250472
 1.10699     -0.262053
 1.1062     -0.273618
 1.10533     -0.285164
 1.10436     -0.296691
 1.10331     -0.308199
 1.10217     -0.319685
 1.10094     -0.33115
 1.09962     -0.342593
 1.09822     -0.354013
 1.09673     -0.365409
 1.09515     -0.376779
 1.09348     -0.388125
 1.09173     -0.399444
 1.08989     -0.410735
 1.08796     -0.421999
 1.08595     -0.433233
 1.08385     -0.444438
 1.08166     -0.455613
 1.07939     -0.466756
 1.07703     -0.477867
 1.07459     -0.488945
 1.07206     -0.499989
 1.06945     -0.510999
 1.06675     -0.521973
 1.06397     -0.532911
 1.0611     -0.543812
 1.05815     -0.554675
 1.05512     -0.565499
 1.052     -0.576283
 1.04879     -0.587028
 1.04551     -0.597731
 1.04214     -0.608392
 1.03868     -0.619011
 1.03515     -0.629585
 1.03153     -0.640116
 1.02782     -0.650601
 1.02404     -0.66104
 1.02017     -0.671432
 1.01622     -0.681776
 1.01219     -0.692072
 1.00808     -0.702319
 1.00388     -0.712515
 0.999606     -0.72266
 0.995248     -0.732754
 0.99081     -0.742794
 0.98629     -0.752782
 0.98169     -0.762715
 0.97701     -0.772593
 0.972249     -0.782415
 0.967408     -0.792181
 0.962487     -0.801888
 0.957487     -0.811538
 0.952406     -0.821128
 0.947247     -0.830658
 0.942008     -0.840128
 0.936691     -0.849536
 0.931294     -0.858881
 0.925819     -0.868163
 0.920265     -0.877381
 0.914633     -0.886534
 0.908924     -0.895622
 0.903136     -0.904642
 0.89727     -0.913596
 0.891327     -0.922482
 0.885307     -0.9313
 0.879211     -0.94005
 0.873038     -0.948732
 0.866789     -0.957346
 0.860465     -0.965891
 0.854066     -0.974367
 0.847591     -0.982774
 0.841042     -0.991112
 0.834419     -0.999381
 0.827722     -1.00758
 0.820952     -1.01571
 0.814108     -1.02377
 0.807192     -1.03176
 0.800203     -1.03968
 0.793143     -1.04752
 0.78601     -1.0553
 0.778807     -1.06301
 0.771532     -1.07064
 0.764186     -1.07821
 0.756771     -1.0857
 0.749285     -1.09312
 0.74173     -1.10047
 0.734106     -1.10774
 0.726413     -1.11495
 0.718651     -1.12208
 0.710821     -1.12914
 0.702923     -1.13612
 0.694958     -1.14303
 0.686926     -1.14987
 0.678827     -1.15664
 0.670661     -1.16333
 0.66243     -1.16994
 0.654133     -1.17649
 0.64577     -1.18296
 0.637343     -1.18935
 0.628851     -1.19567
 0.620295     -1.20191
 0.611674     -1.20808
 0.602991     -1.21417
 0.594244     -1.22019
 0.585434     -1.22613
 0.576561     -1.232
 0.567627     -1.23779
 0.558631     -1.2435
 0.549573     -1.24914
 0.540454     -1.2547
 0.531274     -1.26018
 0.522034     -1.26559
 0.512734     -1.27091
 0.503375     -1.27616
 0.493956     -1.28134
 0.484478     -1.28643
 0.474941     -1.29145
 0.465347     -1.29638
 0.455694     -1.30124
 0.445984     -1.30602
 0.436216     -1.31072
 0.426392     -1.31534
 0.416511     -1.31989
 0.406574     -1.32435
 0.396581     -1.32873
 0.386533     -1.33304
 0.37643     -1.33726
 0.366272     -1.3414
 0.35606     -1.34546
 0.345793     -1.34944
 0.335473     -1.35334
 0.3251     -1.35716
 0.314674     -1.36089
 0.304195     -1.36455
 0.293664     -1.36812
 0.283081     -1.37161
 0.272446     -1.37502
 0.261761     -1.37835
 0.251024     -1.38159
 0.240237     -1.38475
 0.2294     -1.38783
 0.218513     -1.39082
 0.207576     -1.39374
 0.196591     -1.39656
 0.185557     -1.39931
 0.174474     -1.40196
 0.163344     -1.40454
 0.152166     -1.40703
 0.14094     -1.40943
 0.129668     -1.41176
 0.118349     -1.41399
 0.106984     -1.41614
 0.0955725     -1.41821
 0.0841159     -1.42018
 0.072614     -1.42208
 0.0610674     -1.42389
 0.0494763     -1.42561
 0.037841     -1.42724
 0.026162     -1.42879
 0.0144396     -1.43025
 0.00267417     -1.43162
 -0.009134     -1.43291
 -0.0209844     -1.43411
 -0.0328758     -1.43522
 -0.0448072     -1.43624
 -0.0567771     -1.43718
 -0.0687845     -1.43803
 -0.080828     -1.4388
 -0.0929063     -1.43949
 -0.105018     -1.44008
 -0.117163     -1.4406
 -0.129338     -1.44103
 -0.141544     -1.44138
 -0.153778     -1.44164
 -0.16604     -1.44182
 -0.178328     -1.44193
 -0.190641     -1.44195
 -0.202978     -1.44188
 -0.215337     -1.44174
 -0.227717     -1.44152
 -0.240117     -1.44122
 -0.252537     -1.44084
 -0.264973     -1.44038
 -0.277426     -1.43984
 -0.289894     -1.43923
 -0.302376     -1.43853
 -0.31487     -1.43776
 -0.327376     -1.43692
 -0.339892     -1.436
 -0.352416     -1.435
 -0.364948     -1.43393
 -0.377487     -1.43278
 -0.39003     -1.43156
 -0.402578     -1.43026
 -0.415128     -1.42889
 -0.427679     -1.42745
 -0.440231     -1.42593
 -0.452782     -1.42435
 -0.46533     -1.42269
 -0.477874     -1.42096
 -0.490414     -1.41916
 -0.502948     -1.41729
 -0.515474     -1.41535
 -0.527992     -1.41334
 -0.5405     -1.41126
 -0.552997     -1.40911
 -0.565482     -1.40689
 -0.577953     -1.40461
 -0.59041     -1.40226
 -0.60285     -1.39984
 -0.615274     -1.39736
 -0.627679     -1.39481
 -0.640064     -1.39219
 -0.652428     -1.38951
 -0.66477     -1.38676
 -0.677088     -1.38396
 -0.689382     -1.38108
 -0.70165     -1.37815
 -0.713891     -1.37515
 -0.726103     -1.37209
 -0.738286     -1.36896
 -0.750438     -1.36578
 -0.762557     -1.36253
 -0.774644     -1.35922
 -0.786695     -1.35586
 -0.798711     -1.35243
 -0.81069     -1.34894
 -0.82263     -1.3454
 -0.834531     -1.34179
 -0.846391     -1.33813
 -0.858209     -1.33441
 -0.869984     -1.33064
 -0.881714     -1.3268
 -0.893398     -1.32292
 -0.905035     -1.31897
 -0.916624     -1.31497
 -0.928164     -1.31092
 -0.939652     -1.30681
 -0.951089     -1.30264
 -0.962473     -1.29842
 -0.973802     -1.29415
 -0.985075     -1.28983
 -0.996292     -1.28546
 -1.00745     -1.28103
 -1.01855     -1.27655
 -1.02959     -1.27202
 -1.04056     -1.26744
 -1.05148     -1.26281
 -1.06232     -1.25813
 -1.07311     -1.2534
 -1.08382     -1.24862
 -1.09447     -1.2438
 -1.10505     -1.23892
 -1.11556     -1.234
 -1.12599     -1.22903
 -1.13636     -1.22402
 -1.14665     -1.21896
 -1.15686     -1.21385
 -1.16699     -1.2087
 -1.17705     -1.2035
 -1.18703     -1.19826
 -1.19693     -1.19298
 -1.20675     -1.18765
 -1.21648     -1.18227
 -1.22614     -1.17686
 -1.23571     -1.1714
 -1.24521     -1.1659
 -1.25463     -1.16035
 -1.26397     -1.15476
 -1.27323     -1.14912
 -1.28241     -1.14344
 -1.29152     -1.13771
 -1.30056     -1.13194
 -1.30952     -1.12613
 -1.3184     -1.12026
 -1.32721     -1.11436
 -1.33595     -1.10841
 -1.34462     -1.10241
 -1.35321     -1.09637
 -1.36173     -1.09028
 -1.37019     -1.08415
 -1.37857     -1.07797
 -1.38689     -1.07174
 -1.39513     -1.06547
 -1.40331     -1.05915
 -1.41142     -1.05278
 -1.41946     -1.04637
 -1.42744     -1.03991
 -1.43535     -1.03341
 -1.4432     -1.02685
 -1.45099     -1.02025
 -1.45871     -1.01361
 -1.46636     -1.00691
 -1.47396     -1.00017
 -1.48149     -0.993377
 -1.48897     -0.986539
 -1.49638     -0.979652
 -1.50373     -0.972718
 -1.51103     -0.965735
 -1.51826     -0.958703
 -1.52544     -0.951623
 -1.53256     -0.944495
 -1.53963     -0.937317
 -1.54663     -0.93009
 -1.55359     -0.922815
 -1.56049     -0.91549
 -1.56733     -0.908115
 -1.57412     -0.900691
 -1.58086     -0.893218
 -1.58755     -0.885694
 -1.59418     -0.878121
 -1.60077     -0.870498
 -1.6073     -0.862824
 -1.61379     -0.8551
 -1.62022     -0.847326
 -1.62661     -0.839501
 -1.63295     -0.831625
 -1.63925     -0.823699
 -1.64549     -0.815721
 -1.65169     -0.807692
 -1.65785     -0.799612
 -1.66396     -0.791481
 -1.67003     -0.783298
 -1.67606     -0.775063
 -1.68204     -0.766777
 -1.68798     -0.758438
 -1.69388     -0.750048
 -1.69974     -0.741605
 -1.70555     -0.73311
 -1.71133     -0.724562
 -1.71707     -0.715962
 -1.72277     -0.707309
 -1.72844     -0.698603
 -1.73407     -0.689844
 -1.73966     -0.681032
 -1.74521     -0.672167
 -1.75074     -0.663248
 -1.75622     -0.654276
 -1.76167     -0.64525
 -1.76709     -0.63617
 -1.77248     -0.627036
 -1.77784     -0.617848
 -1.78316     -0.608606
 -1.78846     -0.599309
 -1.79372     -0.589958
 -1.79896     -0.580552
 -1.80416     -0.571092
 -1.80934     -0.561576
 -1.81449     -0.552006
 -1.81961     -0.54238
 -1.82471     -0.532699
 -1.82979     -0.522962
 -1.83483     -0.51317
 -1.83986     -0.503323
 -1.84486     -0.493419
 -1.84983     -0.483459
 -1.85479     -0.473443
 -1.85972     -0.463371
 -1.86463     -0.453243
 -1.86952     -0.443058
 -1.8744     -0.432816
 -1.87925     -0.422518
 -1.88408     -0.412163
 -1.8889     -0.401752
 -1.89369     -0.391286
 -1.89847     -0.380767
 -1.90322     -0.370195
 -1.90795     -0.359571
 -1.91266     -0.348897
 -1.91735     -0.338174
 -1.92201     -0.327403
 -1.92664     -0.316585
 -1.93125     -0.30572
 -1.93584     -0.294811
 -1.9404     -0.283858
 -1.94493     -0.272863
 -1.94943     -0.261825
 -1.95391     -0.250747
 -1.95835     -0.23963
 -1.96277     -0.228475
 -1.96715     -0.217282
 -1.9715     -0.206053
 -1.97582     -0.194789
 -1.98011     -0.183491
 -1.98436     -0.17216
 -1.98858     -0.160798
 -1.99277     -0.149405
 -1.99691     -0.137982
 -2.00103     -0.126531
 -2.0051     -0.115052
 -2.00914     -0.103547
 -2.01314     -0.0920172
 -2.0171     -0.0804631
 -2.02102     -0.068886
 -2.0249     -0.057287
 -2.02874     -0.0456672
 -2.03254     -0.0340276
 -2.03629     -0.0223695
 -2.04     -0.0106939
 -2.04367     0.000998186
 -2.04729     0.0127056
 -2.05087     0.0244272
 -2.0544     0.036162
 -2.05789     0.0479088
 -2.06132     0.0596665
 -2.06471     0.0714341
 -2.06806     0.0832105
 -2.07135     0.0949945
 -2.07459     0.106785
 -2.07778     0.118581
 -2.08092     0.130382
 -2.08401     0.142185
 -2.08704     0.153991
 -2.09003     0.165798
 -2.09295     0.177605
 -2.09583     0.189411
 -2.09864     0.201215
 -2.1014     0.213015
 -2.10411     0.224811
 -2.10675     0.236602
 -2.10934     0.248386
 -2.11187     0.260162
 -2.11434     0.27193
 -2.11675     0.283687
 -2.1191     0.295434
 -2.12139     0.307169
 -2.12361     0.318891
 -2.12577     0.330598
 -2.12787     0.34229
 -2.1299     0.353965
 -2.13187     0.365623
 -2.13377     0.377263
 -2.13561     0.388883
 -2.13738     0.400481
 -2.13908     0.412059
 -2.14071     0.423613
 -2.14227     0.435142
 -2.14377     0.446647
 -2.14519     0.458126
 -2.14654     0.469577
 -2.14782     0.480999
 -2.14902     0.492392
 -2.15016     0.503755
 -2.15122     0.515085
 -2.1522     0.526383
 -2.15311     0.537647
 -2.15394     0.548876
 -2.1547     0.560068
 -2.15538     0.571224
 -2.15598     0.582341
 -2.1565     0.593418
 -2.15695     0.604456
 -2.15731     0.615451
 -2.15759     0.626404
 -2.15779     0.637313
 -2.15791     0.648177
 -2.15794     0.658995
 -2.15789     0.669766
 -2.15776     0.680489
 -2.15754     0.691163
 -2.15724     0.701786
 -2.15685     0.712358
 -2.15637     0.722877
 -2.15581     0.733345
 -2.15516     0.743761
 -2.15442     0.754126
 -2.15361     0.764442
 -2.1527     0.774708
 -2.15172     0.784926
 -2.15065     0.795095
 -2.1495     0.805217
 -2.14827     0.815292
 -2.14696     0.825321
 -2.14557     0.835304
 -2.1441     0.845243
 -2.14255     0.855137
 -2.14093     0.864987
 -2.13922     0.874795
 -2.13745     0.88456
 -2.13559     0.894284
 -2.13366     0.903966
 -2.13166     0.913608
 -2.12958     0.92321
 -2.12743     0.932773
 -2.1252     0.942297
 -2.12291     0.951783
 -2.12054     0.961232
 -2.1181     0.970645
 -2.1156     0.980022
 -2.11302     0.989363
 -2.11038     0.998669
 -2.10767     1.00794
 -2.10489     1.01718
 -2.10204     1.02639
 -2.09913     1.03556
 -2.09615     1.0447
 -2.09311     1.05381
 -2.09001     1.0629
 -2.08684     1.07195
 -2.08361     1.08097
 -2.08032     1.08996
 -2.07697     1.09893
 -2.07355     1.10787
 -2.07008     1.11678
 -2.06655     1.12567
 -2.06296     1.13453
 -2.05931     1.14337
 -2.0556     1.15218
 -2.05184     1.16097
 -2.04802     1.16974
 -2.04415     1.17849
 -2.04022     1.18721
 -2.03624     1.19592
 -2.0322     1.2046
 -2.02812     1.21326
 -2.02398     1.22191
 -2.01979     1.23054
 -2.01555     1.23915
 -2.01125     1.24774
 -2.00692     1.25632
 -2.00253     1.26488
 -1.99809     1.27342
 -1.99361     1.28196
 -1.98908     1.29047
 -1.9845     1.29898
 -1.97988     1.30747
 -1.97522     1.31595
 -1.97051     1.32442
 -1.96575     1.33288
 -1.96096     1.34133
 -1.95612     1.34977
 -1.95124     1.3582
 -1.94633     1.36663
 -1.94137     1.37504
 -1.93637     1.38345
 -1.93133     1.39186
 -1.92626     1.40025
 -1.92115     1.40865
 -1.916     1.41704
 -1.91082     1.42542
 -1.9056     1.43381
 -1.90034     1.44219
 -1.89506     1.45057
 -1.88974     1.45894
 -1.88438     1.46732
 -1.879     1.4757
 -1.87358     1.48408
 -1.86813     1.49246
 -1.86266     1.50084
 -1.85715     1.50923
 -1.85162     1.51762
 -1.84605     1.52601
 -1.84046     1.53441
 -1.83485     1.54281
 -1.82921     1.55122
 -1.82354     1.55964
 -1.81785     1.56806
 -1.81213     1.57649
 -1.80639     1.58494
 -1.80063     1.59338
 -1.79484     1.60184
 -1.78904     1.61031
 -1.78321     1.6188
 -1.77737     1.62729
 -1.7715     1.63579
 -1.76561     1.6443
 -1.7597     1.65281
 -1.75377     1.66134
 -1.74782     1.66987
 -1.74184     1.6784
 -1.73585     1.68694
 -1.72983     1.69549
 -1.72379     1.70403
 -1.71773     1.71258
 -1.71164     1.72113
 -1.70554     1.72968
 -1.69941     1.73823
 -1.69326     1.74677
 -1.68708     1.75532
 -1.68089     1.76386
 -1.67467     1.7724
 -1.66842     1.78093
 -1.66215     1.78946
 -1.65586     1.79798
 -1.64955     1.80649
 -1.64321     1.815
 -1.63685     1.82349
 -1.63046     1.83198
 -1.62405     1.84045
 -1.61762     1.84892
 -1.61116     1.85737
 -1.60468     1.8658
 -1.59817     1.87423
 -1.59164     1.88264
 -1.58508     1.89103
 -1.57849     1.8994
 -1.57189     1.90776
 -1.56525     1.9161
 -1.55859     1.92442
 -1.55191     1.93272
 -1.5452     1.941
 -1.53846     1.94926
 -1.5317     1.9575
 -1.52491     1.96571
 -1.51809     1.9739
 -1.51125     1.98206
 -1.50438     1.9902
 -1.49748     1.99831
 -1.49056     2.00639
 -1.48361     2.01444
 -1.47663     2.02247
 -1.46963     2.03046
 -1.4626     2.03843
 -1.45554     2.04636
 -1.44845     2.05426
 -1.44133     2.06212
 -1.43419     2.06995
 -1.42702     2.07775
 -1.41982     2.08551
 -1.41259     2.09323
 -1.40533     2.10091
 -1.39805     2.10856
 -1.39073     2.11617
 -1.38339     2.12373
 -1.37602     2.13126
 -1.36862     2.13874
 -1.36119     2.14618
 -1.35372     2.15358
 -1.34623     2.16093
 -1.33871     2.16824
 -1.33116     2.1755
 -1.32358     2.18271
 -1.31597     2.18988
 -1.30833     2.19699
 -1.30066     2.20406
 -1.29296     2.21108
 -1.28522     2.21804
 -1.27746     2.22496
 -1.26966     2.23182
 -1.26184     2.23862
 -1.25398     2.24537
 -1.24609     2.25207
 -1.23817     2.25871
 -1.23022     2.26529
 -1.22223     2.27182
 -1.21422     2.27829
 -1.20617     2.28469
 -1.19809     2.29104
 -1.18997     2.29732
 -1.18183     2.30354
 -1.17365     2.3097
 -1.16544     2.3158
 -1.15719     2.32183
 -1.14892     2.32779
 -1.1406     2.33369
 -1.13226     2.33952
 -1.12388     2.34529
 -1.11547     2.35098
 -1.10702     2.35661
 -1.09855     2.36216
 -1.09003     2.36764
 -1.08148     2.37305
 -1.0729     2.37839
 -1.06428     2.38365
 -1.05563     2.38884
 -1.04695     2.39396
 -1.03822     2.399
 -1.02946     2.40398
 -1.02067     2.40888
 -1.01184     2.4137
 -1.00297     2.41846
 -0.99406     2.42314
 -0.985116     2.42776
 -0.976134     2.4323
 -0.967113     2.43676
 -0.958054     2.44116
 -0.948956     2.44549
 -0.939818     2.44974
 -0.93064     2.45393
 -0.921423     2.45804
 -0.912165     2.46208
 -0.902867     2.46605
 -0.893528     2.46995
 -0.884147     2.47378
 -0.874724     2.47754
 -0.86526     2.48124
 -0.855753     2.48486
 -0.846204     2.48841
 -0.836611     2.49189
 -0.826976     2.4953
 -0.817296     2.49864
 -0.807573     2.50191
 -0.797805     2.50512
 -0.787993     2.50825
 -0.778135     2.51132
 -0.768233     2.51431
 -0.758284     2.51724
 -0.74829     2.5201
 -0.738249     2.5229
 -0.728162     2.52562
 -0.718028     2.52827
 -0.707846     2.53086
 -0.697617     2.53338
 -0.68734     2.53583
 -0.677014     2.53822
 -0.66664     2.54054
 -0.656217     2.54279
 -0.645745     2.54497
 -0.635223     2.54709
 -0.624651     2.54914
 -0.614028     2.55112
 -0.603355     2.55304
 -0.592632     2.55489
 -0.581856     2.55667
 -0.57103     2.55839
 -0.560151     2.56004
 -0.54922     2.56162
 -0.538236     2.56314
 -0.5272     2.5646
 -0.51611     2.56599
 -0.504966     2.56731
 -0.493769     2.56857
 -0.482517     2.56976
 -0.471211     2.57089
 -0.45985     2.57195
 -0.448433     2.57295
 -0.436961     2.57389
 -0.425433     2.57476
 -0.413849     2.57556
 -0.402208     2.57631
 -0.39051     2.57698
 -0.378755     2.5776
 -0.366943     2.57815
 -0.355072     2.57864
 -0.343143     2.57906
 -0.331156     2.57942
 -0.319109     2.57972
 -0.307004     2.57995
 -0.294839     2.58012
 -0.282614     2.58023
 -0.270328     2.58028
 -0.257983     2.58026
 -0.245576     2.58018
 -0.233108     2.58004
 -0.220578     2.57984
 -0.207987     2.57957
 -0.195333     2.57925
 -0.182617     2.57886
 -0.169838     2.57841
 -0.156995     2.5779
 -0.144089     2.57733
 -0.131119     2.57669
 -0.118085     2.576
 -0.104987     2.57524
 -0.0918232     2.57443
 -0.0785945     2.57355
 -0.0653003     2.57261
 -0.0519401     2.57162
 -0.0385138     2.57056
 -0.0250209     2.56944
 -0.0114612     2.56827
 0.00216579     2.56703
 0.01586     2.56573
 0.02962     2.56438
 0.0434442     2.56296
 0.057331     2.56149
 0.0712787     2.55995
 0.0852855     2.55836
 0.0993499     2.55671
 0.11347     2.555
 0.127645     2.55323
 0.141872     2.5514
 0.15615     2.54952
 0.170477     2.54757
 0.184851     2.54557
 0.199272     2.5435
 0.213736     2.54138
 0.228244     2.53921
 0.242792     2.53697
 0.257379     2.53468
 0.272004     2.53233
 0.286665     2.52992
 0.30136     2.52745
 0.316087     2.52492
 0.330846     2.52234
 0.345633     2.5197
 0.360448     2.51701
 0.375289     2.51425
 0.390155     2.51144
 0.405042     2.50858
 0.419951     2.50565
 0.434879     2.50267
 0.449824     2.49963
 0.464786     2.49654
 0.479761     2.49339
 0.494749     2.49018
 0.509748     2.48692
 0.524757     2.4836
 0.539772     2.48023
 0.554794     2.4768
 0.56982     2.47331
 0.584848     2.46977
 0.599877     2.46617
 0.614906     2.46252
 0.629932     2.45881
 0.644954     2.45504
 0.65997     2.45122
 0.674979     2.44735
 0.689978     2.44342
 0.704967     2.43944
 0.719943     2.4354
 0.734905     2.4313
 0.749852     2.42716
 0.764781     2.42295
 0.779691     2.4187
 0.79458     2.41438
 0.809447     2.41002
 0.824289     2.4056
 0.839106     2.40113
 0.853895     2.3966
 0.868656     2.39202
 0.883385     2.38738
 0.898082     2.38269
 0.912745     2.37795
 0.927372     2.37316
 0.941962     2.36831
 0.956512     2.36341
 0.971022     2.35845
 0.98549     2.35344
 0.999913     2.34838
 1.01429     2.34327
 1.02862     2.3381
 1.0429     2.33288
 1.05713     2.32761
 1.07131     2.32229
 1.08543     2.31691
 1.0995     2.31148
 1.11351     2.306
 1.12746     2.30047
 1.14135     2.29489
 1.15518     2.28925
 1.16895     2.28356
 1.18264     2.27782
 1.19627     2.27203
 1.20984     2.26619
 1.22333     2.2603
 1.23675     2.25435
 1.25009     2.24836
 1.26336     2.24231
 1.27655     2.23621
 1.28966     2.23006
 1.30269     2.22386
 1.31564     2.21761
 1.32851     2.21131
 1.34129     2.20496
 1.35398     2.19856
 1.36658     2.19211
 1.37909     2.18561
 1.39151     2.17906
 1.40384     2.17246
 1.41607     2.16581
 1.4282     2.15911
 1.44023     2.15236
 1.45217     2.14556
 1.46401     2.13871
 1.47575     2.13181
 1.48739     2.12486
 1.49894     2.11787
 1.5104     2.11082
 1.52176     2.10373
 1.53303     2.09658
 1.54421     2.08939
 1.5553     2.08215
 1.5663     2.07486
 1.57721     2.06752
 1.58803     2.06014
 1.59877     2.0527
 1.60941     2.04522
 1.61998     2.03769
 1.63045     2.03011
 1.64085     2.02248
 1.65116     2.01481
 1.66138     2.00709
 1.67153     1.99932
 1.68159     1.9915
 1.69158     1.98363
 1.70149     1.97572
 1.71132     1.96776
 1.72107     1.95976
 1.73074     1.9517
 1.74034     1.9436
 1.74987     1.93546
 1.75932     1.92726
 1.76869     1.91902
 1.778     1.91073
 1.78723     1.9024
 1.7964     1.89402
 1.80549     1.88559
 1.81451     1.87712
 1.82347     1.8686
 1.83236     1.86004
 1.84118     1.85143
 1.84994     1.84277
 1.85863     1.83407
 1.86726     1.82532
 1.87583     1.81653
 1.88433     1.80769
 1.89277     1.79881
 1.90115     1.78988
 1.90948     1.7809
 1.91774     1.77188
 1.92594     1.76282
 1.93409     1.75371
 1.94218     1.74456
 1.95022     1.73536
 1.9582     1.72612
 1.96613     1.71683
 1.974     1.7075
 1.98183     1.69812
 1.9896     1.6887
 1.99732     1.67923
 2.00499     1.66973
 2.01261     1.66017
 2.02018     1.65058
 2.02771     1.64094
 2.03519     1.63125
 2.04263     1.62152
 2.05002     1.61175
 2.05737     1.60194
 2.06467     1.59208
 2.07193     1.58218
 2.07915     1.57224
 2.08633     1.56225
 2.09348     1.55222
 2.10058     1.54215
 2.10764     1.53203
 2.11467     1.52188
 2.12166     1.51168
 2.12862     1.50143
 2.13554     1.49115
 2.14243     1.48082
 2.14928     1.47045
 2.1561     1.46004
 2.1629     1.44959
 2.16966     1.43909
 2.17639     1.42856
 2.18309     1.41798
 2.18977     1.40736
 2.19641     1.3967
 2.20304     1.386
 2.20963     1.37525
 2.21621     1.36447
 2.22275     1.35364
 2.22928     1.34277
 2.23578     1.33186
 2.24227     1.32092
 2.24873     1.30993
 2.25517     1.2989
 2.2616     1.28783
 2.268     1.27671
 2.27439     1.26556
 2.28077     1.25437
 2.28713     1.24314
 2.29347     1.23187
 2.2998     1.22056
 2.30611     1.20921
 2.3124     1.19782
 2.31867     1.1864
 2.32493     1.17495
 2.33117     1.16345
 2.33739     1.15193
 2.34359     1.14036
 2.34977     1.12877
 2.35593     1.11714
 2.36207     1.10549
 2.36818     1.0938
 2.37428     1.08208
 2.38035     1.07033
 2.3864     1.05856
 2.39243     1.04675
 2.39843     1.03492
 2.40441     1.02306
 2.41036     1.01118
 2.41629     0.999266
 2.42219     0.987332
 2.42807     0.975375
 2.43392     0.963394
 2.43974     0.951391
 2.44554     0.939367
 2.45131     0.927322
 2.45705     0.915257
 2.46276     0.903172
 2.46844     0.891069
 2.47409     0.878947
 2.47971     0.866809
 2.4853     0.854654
 2.49086     0.842483
 2.49638     0.830297
 2.50188     0.818096
 2.50734     0.805882
 2.51277     0.793655
 2.51816     0.781416
 2.52352     0.769165
 2.52884     0.756903
 2.53413     0.744631
 2.53939     0.73235
 2.54461     0.72006
 2.54979     0.707763
 2.55493     0.695458
 2.56004     0.683146
 2.56511     0.670829
 2.57014     0.658506
 2.57513     0.64618
 2.58008     0.633849
 2.585     0.621516
 2.58987     0.60918
 2.5947     0.596843
 2.59949     0.584505
 2.60424     0.572167
 2.60894     0.559829
 2.61361     0.547493
 2.61823     0.535159
 2.6228     0.522828
 2.62733     0.5105
 2.63182     0.498177
 2.63626     0.485858
 2.64066     0.473545
 2.64501     0.461238
 2.64932     0.448939
 2.65357     0.436647
 2.65778     0.424364
 2.66194     0.412089
 2.66606     0.399825
 2.67012     0.387572
 2.67414     0.375329
 2.6781     0.363099
 2.68202     0.350882
 2.68588     0.338678
 2.68969     0.326489
 2.69345     0.314314
 2.69716     0.302155
 2.70082     0.290012
 2.70442     0.277887
 2.70797     0.265779
 2.71146     0.25369
 2.7149     0.241619
 2.71829     0.229569
 2.72162     0.21754
 2.72489     0.205532
 2.72811     0.193546
 2.73127     0.181583
 2.73437     0.169643
 2.73742     0.157727
 2.74041     0.145837
 2.74333     0.133972
 2.7462     0.122134
 2.74901     0.110322
 2.75176     0.0985385
 2.75445     0.0867835
 2.75707     0.0750576
 2.75964     0.0633618
 2.76214     0.0516965
 2.76458     0.0400625
 2.76696     0.028459
 2.76927     0.0168855
 2.77153     0.00534102
 2.77372     -0.00617504
 2.77585     -0.0176635
 2.77792     -0.029125
 2.77992     -0.0405604
 2.78187     -0.0519705
 2.78376     -0.0633559
 2.78558     -0.0747175
 2.78735     -0.0860559
 2.78905     -0.0973719
 2.7907     -0.108666
 2.79229     -0.11994
 2.79382     -0.131193
 2.79529     -0.142427
 2.7967     -0.153643
 2.79805     -0.16484
 2.79934     -0.176021
 2.80058     -0.187185
 2.80175     -0.198333
 2.80287     -0.209467
 2.80394     -0.220587
 2.80494     -0.231693
 2.80589     -0.242786
 2.80678     -0.253868
 2.80762     -0.264938
 2.8084     -0.275999
 2.80912     -0.287049
 2.80979     -0.298091
 2.8104     -0.309125
 2.81096     -0.320151
 2.81146     -0.33117
 2.81191     -0.342184
 2.8123     -0.353193
 2.81264     -0.364197
 2.81293     -0.375198
 2.81316     -0.386196
 2.81334     -0.397192
 2.81346     -0.408186
 2.81353     -0.41918
 2.81355     -0.430174
 2.81351     -0.441169
 2.81343     -0.452165
 2.81329     -0.463164
 2.81309     -0.474166
 2.81285     -0.485172
 2.81256     -0.496183
 2.81221     -0.507199
 2.81181     -0.518221
 2.81137     -0.52925
 2.81087     -0.540287
 2.81032     -0.551332
 2.80972     -0.562386
 2.80907     -0.57345
 2.80837     -0.584525
 2.80762     -0.595612
 2.80683     -0.60671
 2.80598     -0.617822
 2.80509     -0.628947
 2.80414     -0.640086
 2.80315     -0.651241
 2.80211     -0.662411
 2.80102     -0.673598
 2.79989     -0.684803
 2.79871     -0.696026
 2.79748     -0.707268
 2.7962     -0.718529
 2.79488     -0.729811
 2.79351     -0.741114
 2.79209     -0.752439
 2.79063     -0.763786
 2.78912     -0.775157
 2.78757     -0.786552
 2.78597     -0.797972
 2.78433     -0.809418
 2.78264     -0.82089
 2.78091     -0.83239
 2.77913     -0.843917
 2.77731     -0.855473
 2.77545     -0.867058
 2.77354     -0.878674
 2.77159     -0.89032
 2.76959     -0.901999
 2.76755     -0.913709
 2.76547     -0.925453
 2.76335     -0.937231
 2.76118     -0.949043
 2.75898     -0.960891
 2.75673     -0.972775
 2.75444     -0.984696
 2.7521     -0.996655
 2.74973     -1.00865
 2.74732     -1.02069
 2.74486     -1.03276
 2.74237     -1.04488
 2.73983     -1.05704
 2.73726     -1.06924
 2.73464     -1.08148
 2.73199     -1.09377
 2.72929     -1.1061
 2.72656     -1.11847
 2.72379     -1.13088
 2.72097     -1.14333
 2.71811     -1.15582
 2.71521     -1.16835
 2.71227     -1.18091
 2.70928     -1.19351
 2.70625     -1.20614
 2.70318     -1.2188
 2.70006     -1.2315
 2.6969     -1.24423
 2.69369     -1.25698
 2.69044     -1.26977
 2.68714     -1.28258
 2.68379     -1.29542
 2.6804     -1.30828
 2.67696     -1.32117
 2.67347     -1.33408
 2.66993     -1.34701
 2.66634     -1.35996
 2.66271     -1.37294
 2.65902     -1.38593
 2.65529     -1.39894
 2.6515     -1.41196
 2.64767     -1.425
 2.64378     -1.43806
 2.63984     -1.45113
 2.63584     -1.46421
 2.6318     -1.4773
 2.6277     -1.4904
 2.62355     -1.50351
 2.61934     -1.51663
 2.61508     -1.52976
 2.61076     -1.54289
 2.60639     -1.55602
 2.60196     -1.56916
 2.59748     -1.5823
 2.59293     -1.59545
 2.58833     -1.60859
 2.58368     -1.62173
 2.57896     -1.63487
 2.57419     -1.64801
 2.56936     -1.66114
 2.56446     -1.67427
 2.55951     -1.68739
 2.5545     -1.7005
 2.54942     -1.71361
 2.54429     -1.7267
 2.53909     -1.73979
 2.53383     -1.75286
 2.52851     -1.76592
 2.52313     -1.77896
 2.51768     -1.792
 2.51216     -1.80501
 2.50659     -1.81801
 2.50094     -1.83099
 2.49524     -1.84395
 2.48946     -1.85689
 2.48362     -1.8698
 2.47772     -1.8827
 2.47174     -1.89557
 2.4657     -1.90842
 2.45959     -1.92124
 2.45342     -1.93403
 2.44717     -1.9468
 2.44085     -1.95953
 2.43447     -1.97224
 2.42801     -1.98492
 2.42148     -1.99756
 2.41488     -2.01017
 2.40821     -2.02274
 2.40147     -2.03528
 2.39466     -2.04778
 2.38777     -2.06024
 2.38081     -2.07267
 2.37377     -2.08505
 2.36667     -2.0974
 2.35948     -2.1097
 2.35222     -2.12196
 2.34489     -2.13417
 2.33748     -2.14634
 2.32999     -2.15846
 2.32242     -2.17053
 2.31478     -2.18256
 2.30706     -2.19453
 2.29926     -2.20646
 2.29139     -2.21833
 2.28343     -2.23015
 2.27539     -2.24191
 2.26728     -2.25362
 2.25908     -2.26528
 2.2508     -2.27687
 2.24244     -2.28841
 2.234     -2.29989
 2.22548     -2.3113
 2.21687     -2.32266
 2.20818     -2.33395
 2.19941     -2.34518
 2.19055     -2.35634
 2.18161     -2.36744
 2.17259     -2.37847
 2.16348     -2.38944
 2.15429     -2.40035
 2.14501     -2.41119
 2.13566     -2.42197
 2.12622     -2.43269
 2.1167     -2.44335
 2.1071     -2.45394
 2.09742     -2.46448
 2.08766     -2.47495
 2.07781     -2.48536
 2.06789     -2.49572
 2.05789     -2.50601
 2.04781     -2.51624
 2.03765     -2.52642
 2.02741     -2.53654
 2.01709     -2.5466
 2.00669     -2.5566
 1.99622     -2.56654
 1.98567     -2.57643
 1.97504     -2.58626
 1.96433     -2.59603
 1.95355     -2.60575
 1.94269     -2.61542
 1.93176     -2.62503
 1.92075     -2.63458
 1.90966     -2.64408
 1.8985     -2.65353
 1.88727     -2.66292
 1.87596     -2.67226
 1.86458     -2.68155
 1.85312     -2.69079
 1.84159     -2.69997
 1.82999     -2.7091
 1.81831     -2.71818
 1.80657     -2.72722
 1.79475     -2.7362
 1.78285     -2.74513
 1.77089     -2.75401
 1.75886     -2.76285
 1.74675     -2.77163
 1.73457     -2.78037
 1.72233     -2.78906
 1.71001     -2.7977
 1.69763     -2.80629
 1.68517     -2.81484
 1.67265     -2.82334
 1.66006     -2.8318
 1.6474     -2.84021
 1.63467     -2.84857
 1.62187     -2.8569
 1.60901     -2.86517
 1.59608     -2.87341
 1.58308     -2.88159
 1.57002     -2.88974
 1.55689     -2.89784
 1.54369     -2.90591
 1.53043     -2.91393
 1.51711     -2.9219
 1.50372     -2.92984
 1.49026     -2.93774
 1.47674     -2.94559
 1.46316     -2.95341
 1.44952     -2.96119
 1.43581     -2.96892
 1.42203     -2.97662
 1.4082     -2.98428
 1.3943     -2.99191
 1.38034     -2.99949
 1.36632     -3.00704
 1.35224     -3.01455
 1.3381     -3.02203
 1.32389     -3.02946
 1.30963     -3.03687
 1.29531     -3.04424
 1.28092     -3.05157
 1.26648     -3.05887
 1.25198     -3.06613
 1.23742     -3.07337
 1.2228     -3.08056
 1.20812     -3.08773
 1.19339     -3.09486
 1.17859     -3.10196
 1.16375     -3.10903
 1.14884     -3.11607
 1.13388     -3.12308
 1.11886     -3.13005
 1.10378     -3.137
 1.08865     -3.14392
 1.07347     -3.15081
 1.05823     -3.15767
 1.04293     -3.1645
 1.02758     -3.1713
 1.01218     -3.17807
 0.99672     -3.18482
 0.981209     -3.19154
 0.965646     -3.19823
 0.95003     -3.2049
 0.934361     -3.21154
 0.918641     -3.21816
 0.902869     -3.22475
 0.887045     -3.23131
 0.871171     -3.23783
 0.855247     -3.24433
 0.839272     -3.2508
 0.823248     -3.25723
 0.807175     -3.26362
 0.791052     -3.26999
 0.774882     -3.27631
 0.758663     -3.2826
 0.742397     -3.28885
 0.726083     -3.29506
 0.709722     -3.30123
 0.693315     -3.30735
 0.676862     -3.31344
 0.660363     -3.31947
 0.643819     -3.32547
 0.62723     -3.33142
 0.610596     -3.33732
 0.593919     -3.34317
 0.577197     -3.34897
 0.560432     -3.35472
 0.543625     -3.36042
 0.526774     -3.36607
 0.509882     -3.37167
 0.492947     -3.37721
 0.475972     -3.38269
 0.458955     -3.38812
 0.441898     -3.39348
 0.4248     -3.39879
 0.407663     -3.40404
 0.390486     -3.40923
 0.373271     -3.41435
 0.356016     -3.41941
 0.338724     -3.42441
 0.321393     -3.42934
 0.304025     -3.4342
 0.28662     -3.439
 0.269179     -3.44373
 0.251701     -3.44839
 0.234187     -3.45297
 0.216637     -3.45749
 0.199053     -3.46193
 0.181434     -3.46629
 0.16378     -3.47058
 0.146093     -3.4748
 0.128372     -3.47894
 0.110618     -3.483
 0.0928311     -3.48697
 0.0750119     -3.49087
 0.0571608     -3.49469
 0.0392781     -3.49842
 0.0213642     -3.50207
 0.0034195     -3.50563
 -0.0145556     -3.50911
 -0.0325606     -3.5125
 -0.0505953     -3.5158
 -0.0686592     -3.51902
 -0.0867519     -3.52214
 -0.104873     -3.52517
 -0.123022     -3.52811
 -0.141199     -3.53095
 -0.159403     -3.5337
 -0.177634     -3.53635
 -0.195892     -3.53891
 -0.214175     -3.54137
 -0.232484     -3.54373
 -0.250819     -3.54599
 -0.269178     -3.54815
 -0.287562     -3.5502
 -0.30597     -3.55215
 -0.324402     -3.554
 -0.342857     -3.55574
 -0.361335     -3.55738
 -0.379835     -3.5589
 -0.398358     -3.56032
 -0.416902     -3.56163
 -0.435468     -3.56283
 -0.454055     -3.56391
 -0.472662     -3.56488
 -0.49129     -3.56574
 -0.509937     -3.56648
 -0.528604     -3.56711
 -0.547289     -3.56762
 -0.565994     -3.56801
 -0.584716     -3.56828
 -0.603457     -3.56843
 -0.622215     -3.56845
 -0.640989     -3.56836
 -0.659781     -3.56814
 -0.678589     -3.56779
 -0.697412     -3.56732
 -0.716252     -3.56672
 -0.735106     -3.566
 -0.753975     -3.56514
 -0.772858     -3.56416
 -0.791755     -3.56304
 -0.810666     -3.56179
 -0.82959     -3.5604
 -0.848526     -3.55889
 -0.867476     -3.55724
 -0.886438     -3.55546
 -0.905413     -3.55356
 -0.924401     -3.55153
 -0.943401     -3.54937
 -0.962413     -3.54709
 -0.981437     -3.54468
 -1.00047     -3.54215
 -1.01952     -3.53951
 -1.03858     -3.53674
 -1.05765     -3.53386
 -1.07673     -3.53086
 -1.09583     -3.52774
 -1.11493     -3.52451
 -1.13405     -3.52117
 -1.15317     -3.51772
 -1.17231     -3.51416
 -1.19146     -3.51049
 -1.21062     -3.50671
 -1.22979     -3.50283
 -1.24897     -3.49884
 -1.26816     -3.49475
 -1.28736     -3.49056
 -1.30657     -3.48627
 -1.32578     -3.48188
 -1.34501     -3.47739
 -1.36425     -3.4728
 -1.3835     -3.46812
 -1.40275     -3.46335
 -1.42202     -3.45848
 -1.44129     -3.45353
 -1.46058     -3.44848
 -1.47987     -3.44335
 -1.49917     -3.43812
 -1.51848     -3.43282
 -1.5378     -3.42743
 -1.55712     -3.42195
 -1.57645     -3.4164
 -1.5958     -3.41076
 -1.61514     -3.40505
 -1.6345     -3.39925
 -1.65386     -3.39339
 -1.67324     -3.38744
 -1.69261     -3.38143
 -1.712     -3.37534
 -1.73139     -3.36918
 -1.75079     -3.36295
 -1.7702     -3.35665
 -1.78961     -3.35029
 -1.80903     -3.34385
 -1.82845     -3.33736
 -1.84789     -3.3308
 -1.86732     -3.32419
 -1.88677     -3.31751
 -1.90622     -3.31077
 -1.92567     -3.30397
 -1.94513     -3.29712
 -1.9646     -3.29022
 -1.98407     -3.28326
 -2.00354     -3.27624
 -2.02303     -3.26918
 -2.04251     -3.26207
 -2.062     -3.25491
 -2.0815     -3.2477
 -2.101     -3.24045
 -2.1205     -3.23315
 -2.14001     -3.22582
 -2.15952     -3.21843
 -2.17904     -3.21101
 -2.19856     -3.20355
 -2.21808     -3.19606
 -2.23761     -3.18852
 -2.25714     -3.18096
 -2.27667     -3.17335
 -2.29621     -3.16572
 -2.31575     -3.15806
 -2.33529     -3.15036
 -2.35484     -3.14264
 -2.37439     -3.13489
 -2.39394     -3.12712
 -2.41349     -3.11932
 -2.43305     -3.1115
 -2.4526     -3.10366
 -2.47216     -3.0958
 -2.49173     -3.08791
 -2.51129     -3.08002
 -2.53085     -3.0721
 -2.55042     -3.06417
 -2.56999     -3.05623
 -2.58956     -3.04828
 -2.60913     -3.04031
 -2.6287     -3.03234
 -2.64827     -3.02435
 -2.66784     -3.01637
 -2.68741     -3.00837
 -2.70698     -3.00037
 -2.72656     -2.99237
 -2.74613     -2.98437
