 -3.23991     -2.13313
 -3.1381     -2.09771
 -3.03631     -2.06231
 -2.93455     -2.02691
 -2.83284     -1.99154
 -2.73119     -1.9562
 -2.62962     -1.92089
 -2.52815     -1.88563
 -2.42679     -1.85041
 -2.32555     -1.81525
 -2.22446     -1.78016
 -2.12353     -1.74513
 -2.02277     -1.71018
 -1.92221     -1.67532
 -1.82185     -1.64055
 -1.72172     -1.60587
 -1.62182     -1.5713
 -1.52218     -1.53685
 -1.42282     -1.50251
 -1.32373     -1.4683
 -1.22495     -1.43423
 -1.12649     -1.4003
 -1.02837     -1.36651
 -0.930595     -1.33288
 -0.833187     -1.29941
 -0.736162     -1.26611
 -0.639535     -1.23298
 -0.543323     -1.20004
 -0.447541     -1.16729
 -0.352206     -1.13474
 -0.257333     -1.10239
 -0.162938     -1.07025
 -0.0690376     -1.03833
 0.0243528     -1.00664
 0.117217     -0.975177
 0.209539     -0.943954
 0.301304     -0.912978
 0.392494     -0.882256
 0.483094     -0.851795
 0.573089     -0.821601
 0.662462     -0.791682
 0.751197     -0.762044
 0.839279     -0.732695
 0.926691     -0.703642
 1.01342     -0.674892
 1.09944     -0.646452
 1.18475     -0.618329
 1.26932     -0.59053
 1.35315     -0.563062
 1.43621     -0.535932
 1.51849     -0.509147
 1.59997     -0.482715
 1.68064     -0.456641
 1.76048     -0.430934
 1.83947     -0.4056
 1.9176     -0.380646
 1.99486     -0.35608
 2.07123     -0.331909
 2.14668     -0.308138
 2.22121     -0.284777
 2.2948     -0.261831
 2.36743     -0.239307
 2.4391     -0.217213
 2.50977     -0.195556
 2.57944     -0.174343
 2.64808     -0.15358
 2.7157     -0.133275
 2.78226     -0.113436
 2.84775     -0.0940676
 2.91215     -0.0751785
 2.97546     -0.0567755
 3.03765     -0.0388656
 3.09871     -0.0214557
 3.15862     -0.00455297
 3.21737     0.0118356
 3.27494     0.0277029
 3.33131     0.043042
 3.38647     0.0578457
 3.44041     0.0721071
 3.4931     0.0858191
 3.54453     0.0989747
 3.59468     0.111567
 3.64354     0.123588
 3.6911     0.135032
 3.73733     0.145892
 3.78223     0.156159
 3.82577     0.165828
 3.86793     0.174892
 3.90871     0.183342
 3.94809     0.191173
 3.98605     0.198376
 4.02258     0.204946
 4.05765     0.210875
 4.09126     0.216156
 4.12338     0.220782
 4.154     0.224745
 4.18312     0.22804
 4.2107     0.230658
 4.23673     0.232594
 4.2612     0.233838
 4.2841     0.234386
 4.3054     0.234232
 4.32514     0.233381
 4.34332     0.231841
 4.35998     0.229619
 4.37514     0.226724
 4.38882     0.223163
 4.40105     0.218943
 4.41184     0.214073
 4.42122     0.20856
 4.42922     0.202411
 4.43585     0.195634
 4.44114     0.188238
 4.44512     0.180229
 4.4478     0.171615
 4.44921     0.162404
 4.44937     0.152604
 4.4483     0.142222
 4.44604     0.131266
 4.44259     0.119743
 4.43799     0.107662
 4.43225     0.0950295
 4.42541     0.0818535
 4.41748     0.0681417
 4.40848     0.0539018
 4.39845     0.0391415
 4.3874     0.0238683
 4.37535     0.00808993
 4.36233     -0.0081859
 4.34836     -0.0249516
 4.33347     -0.0421994
 4.31768     -0.0599217
 4.30101     -0.0781109
 4.28348     -0.0967593
 4.26511     -0.115859
 4.24594     -0.135403
 4.22598     -0.155383
 4.20526     -0.175791
 4.1838     -0.196621
 4.16162     -0.217863
 4.13874     -0.239511
 4.11519     -0.261557
 4.091     -0.283994
 4.06618     -0.306812
 4.04075     -0.330006
 4.01475     -0.353567
 3.98819     -0.377488
 3.9611     -0.40176
 3.9335     -0.426377
 3.90541     -0.45133
 3.87686     -0.476612
 3.84787     -0.502216
 3.81846     -0.528133
 3.78865     -0.554356
 3.75847     -0.580877
 3.72795     -0.607689
 3.6971     -0.634784
 3.66594     -0.662155
 3.63451     -0.689793
 3.60282     -0.717691
 3.5709     -0.745841
 3.53877     -0.774236
 3.50645     -0.802867
 3.47397     -0.831729
 3.44134     -0.860812
 3.4086     -0.890108
 3.37576     -0.919612
 3.34286     -0.949314
 3.3099     -0.979206
 3.27692     -1.00928
 3.24393     -1.03953
 3.21097     -1.06995
 3.17805     -1.10054
 3.14519     -1.13127
 3.11243     -1.16215
 3.07978     -1.19316
 3.04726     -1.22431
 3.01491     -1.25557
 2.98273     -1.28696
 2.95076     -1.31845
 2.91902     -1.35003
 2.88753     -1.38171
 2.85632     -1.41347
 2.8254     -1.44531
 2.7948     -1.47722
 2.76455     -1.50919
 2.73466     -1.54121
 2.70516     -1.57328
 2.67608     -1.60538
 2.64743     -1.63752
 2.61924     -1.66967
 2.59153     -1.70185
 2.56433     -1.73402
 2.53765     -1.7662
 2.51153     -1.79837
 2.48598     -1.83053
 2.46103     -1.86266
 2.4367     -1.89476
 2.41301     -1.92682
 2.38999     -1.95883
 2.36765     -1.99079
 2.34603     -2.02269
 2.32511     -2.05453
 2.30489     -2.0863
 2.28536     -2.118
 2.26652     -2.14963
 2.24835     -2.18119
 2.23086     -2.21268
 2.21403     -2.24409
 2.19786     -2.27542
 2.18234     -2.30668
 2.16746     -2.33785
 2.15322     -2.36893
 2.13961     -2.39993
 2.12662     -2.43084
 2.11425     -2.46167
 2.10249     -2.4924
 2.09133     -2.52303
 2.08076     -2.55357
 2.07079     -2.58401
 2.06139     -2.61435
 2.05257     -2.64459
 2.04432     -2.67473
 2.03663     -2.70476
 2.02949     -2.73468
 2.0229     -2.76449
 2.01685     -2.79419
 2.01133     -2.82377
 2.00634     -2.85324
 2.00187     -2.88259
 1.99792     -2.91181
 1.99446     -2.94092
 1.99151     -2.9699
 1.98905     -2.99876
 1.98707     -3.02748
 1.98557     -3.05608
 1.98455     -3.08454
 1.98398     -3.11287
 1.98388     -3.14106
 1.98422     -3.16912
 1.98501     -3.19703
 1.98624     -3.2248
 1.98789     -3.25243
 1.98997     -3.27991
 1.99246     -3.30724
 1.99537     -3.33442
 1.99867     -3.36145
 2.00238     -3.38832
 2.00646     -3.41504
 2.01094     -3.44159
 2.01578     -3.46799
 2.021     -3.49422
 2.02657     -3.52029
 2.0325     -3.54619
 2.03877     -3.57193
 2.04539     -3.59749
 2.05234     -3.62288
 2.05961     -3.64809
 2.06721     -3.67313
 2.07512     -3.69799
 2.08333     -3.72267
 2.09184     -3.74716
 2.10065     -3.77147
 2.10974     -3.79559
 2.1191     -3.81953
 2.12874     -3.84327
 2.13864     -3.86682
 2.1488     -3.89017
 2.15921     -3.91333
 2.16987     -3.93629
 2.18076     -3.95904
 2.19188     -3.9816
 2.20322     -4.00394
 2.21478     -4.02608
 2.22655     -4.04802
 2.23852     -4.06974
 2.25069     -4.09124
 2.26304     -4.11253
 2.27558     -4.13361
 2.28829     -4.15446
 2.30117     -4.1751
 2.31421     -4.19551
 2.3274     -4.21569
 2.34074     -4.23565
 2.35422     -4.25538
 2.36784     -4.27487
 2.38158     -4.29414
 2.39544     -4.31316
 2.40941     -4.33195
 2.42349     -4.3505
 2.43766     -4.36881
 2.45193     -4.38688
 2.46629     -4.4047
 2.48072     -4.42227
 2.49522     -4.43959
 2.50979     -4.45666
 2.52441     -4.47348
 2.53909     -4.49004
 2.5538     -4.50634
 2.56856     -4.52239
 2.58335     -4.53817
 2.59815     -4.55368
 2.61298     -4.56893
 2.62781     -4.58389
 2.64266     -4.59856
 2.6575     -4.61294
 2.67233     -4.627
 2.68715     -4.64076
 2.70196     -4.65418
 2.71674     -4.66727
 2.73149     -4.68002
 2.74621     -4.69242
 2.76088     -4.70446
 2.77551     -4.71613
 2.79008     -4.72742
 2.8046     -4.73832
 2.81904     -4.74883
 2.83342     -4.75894
 2.84773     -4.76863
 2.86195     -4.77791
 2.87608     -4.78675
 2.89012     -4.79515
 2.90405     -4.80311
 2.91789     -4.81061
 2.93161     -4.81765
 2.94521     -4.82421
 2.95869     -4.83029
 2.97204     -4.83587
 2.98526     -4.84096
 2.99833     -4.84554
 3.01126     -4.8496
 3.02404     -4.85314
 3.03665     -4.85614
 3.04911     -4.8586
 3.06139     -4.8605
 3.0735     -4.86185
 3.08542     -4.86262
 3.09716     -4.86282
 3.1087     -4.86243
 3.12005     -4.86144
 3.13119     -4.85984
 3.14212     -4.85764
 3.15283     -4.85481
 3.16332     -4.85135
 3.17358     -4.84725
 3.1836     -4.8425
 3.19339     -4.83709
 3.20293     -4.83102
 3.21222     -4.82427
 3.22125     -4.81684
 3.23001     -4.80872
 3.23851     -4.7999
 3.24673     -4.79036
 3.25467     -4.78011
 3.26233     -4.76913
 3.26969     -4.75742
 3.27675     -4.74496
 3.2835     -4.73174
 3.28995     -4.71777
 3.29608     -4.70302
 3.30189     -4.68749
 3.30737     -4.67117
 3.31252     -4.65406
 3.31732     -4.63614
 3.32178     -4.61741
 3.32589     -4.59785
 3.32965     -4.57746
 3.33304     -4.55623
 3.33606     -4.53415
 3.3387     -4.51121
 3.34097     -4.48741
 3.34285     -4.46272
 3.34433     -4.43716
 3.34542     -4.4107
 3.34611     -4.38334
 3.34638     -4.35506
 3.34624     -4.32587
 3.34568     -4.29575
 3.34469     -4.26469
 3.34327     -4.23268
 3.3414     -4.19972
 3.3391     -4.1658
 3.33634     -4.13091
 3.33312     -4.09503
 3.32945     -4.05817
 3.3253     -4.0203
 3.32068     -3.98143
 3.31558     -3.94154
 3.31     -3.90063
 3.30392     -3.85869
 3.29734     -3.8157
 3.29027     -3.77166
 3.28268     -3.72656
 3.27458     -3.6804
 3.26595     -3.63315
 3.2568     -3.58482
 3.24712     -3.5354
 3.2369     -3.48487
 3.22613     -3.43323
 3.21482     -3.38047
 3.20295     -3.32658
 3.19051     -3.27156
 3.17753     -3.21543
 3.16401     -3.15823
 3.14997     -3.09999
 3.1354     -3.04074
 3.12034     -2.98051
 3.10478     -2.91934
 3.08874     -2.85726
 3.07223     -2.79429
 3.05526     -2.73048
 3.03785     -2.66586
 3.02001     -2.60045
 3.00174     -2.53429
 2.98305     -2.46742
 2.96397     -2.39986
 2.94451     -2.33165
 2.92466     -2.26281
 2.90445     -2.19339
 2.88389     -2.12341
 2.86298     -2.05291
 2.84175     -1.98192
 2.82019     -1.91047
 2.79833     -1.83859
 2.77617     -1.76632
 2.75373     -1.69369
 2.73102     -1.62072
 2.70805     -1.54746
 2.68483     -1.47394
 2.66137     -1.40018
 2.63768     -1.32623
 2.61378     -1.2521
 2.58968     -1.17785
 2.56538     -1.10348
 2.54091     -1.02905
 2.51627     -0.954583
 2.49147     -0.880108
 2.46653     -0.805659
 2.44145     -0.73127
 2.41626     -0.656971
 2.39095     -0.582797
 2.36554     -0.508778
 2.34005     -0.434949
 2.31448     -0.36134
 2.28885     -0.287984
 2.26317     -0.214914
 2.23745     -0.142162
 2.21169     -0.0697597
 2.18592     0.00225953
 2.16015     0.0738637
 2.13438     0.14502
 2.10862     0.215698
 2.0829     0.285862
 2.05721     0.355483
 2.03158     0.424526
 2.00602     0.492961
 1.98052     0.560754
 1.95512     0.627872
 1.92981     0.694285
 1.90462     0.759959
 1.87954     0.824862
 1.8546     0.888961
 1.8298     0.952225
 1.80516     1.01462
 1.78069     1.07612
 1.7564     1.13668
 1.7323     1.19628
 1.7084     1.25487
 1.68471     1.31244
 1.66125     1.36895
 1.63803     1.42436
 1.61506     1.47865
 1.59235     1.53178
 1.56991     1.58371
 1.54776     1.63442
 1.5259     1.68388
 1.50435     1.73204
 1.48311     1.77889
 1.46221     1.82438
 1.44165     1.86848
 1.42144     1.91117
 1.4016     1.9524
 1.38213     1.99216
 1.36305     2.03039
 1.34437     2.06708
 1.32611     2.10219
 1.30826     2.13569
 1.29085     2.16754
 1.27389     2.19772
 1.25738     2.22618
 1.24134     2.25291
 1.22579     2.27786
 1.21072     2.301
 1.19616     2.3223
 1.18212     2.34174
 1.1686     2.35926
 1.15563     2.37486
 1.1432     2.38848
 1.13133     2.40011
 1.12004     2.4097
 1.10933     2.41722
 1.09922     2.42266
 1.08969     2.42604
 1.08074     2.42738
 1.07236     2.42674
 1.06454     2.42413
 1.05727     2.4196
 1.05053     2.41319
 1.04433     2.40492
 1.03864     2.39483
 1.03347     2.38295
 1.0288     2.36933
 1.02462     2.35399
 1.02092     2.33698
 1.01769     2.31832
 1.01493     2.29805
 1.01262     2.2762
 1.01075     2.25282
 1.00932     2.22793
 1.00832     2.20156
 1.00773     2.17377
 1.00754     2.14457
 1.00775     2.11401
 1.00835     2.08212
 1.00932     2.04893
 1.01066     2.01448
 1.01236     1.9788
 1.01441     1.94193
 1.0168     1.90391
 1.01951     1.86477
 1.02255     1.82453
 1.0259     1.78325
 1.02954     1.74095
 1.03348     1.69767
 1.0377     1.65344
 1.04219     1.60829
 1.04695     1.56227
 1.05195     1.51541
 1.0572     1.46774
 1.06269     1.4193
 1.06839     1.37012
 1.07432     1.32023
 1.08044     1.26968
 1.08677     1.2185
 1.09328     1.16671
 1.09996     1.11436
 1.10682     1.06149
 1.11383     1.00812
 1.12098     0.954286
 1.12828     0.900033
 1.1357     0.84539
 1.14325     0.790392
 1.1509     0.735075
 1.15866     0.679473
 1.1665     0.623622
 1.17443     0.567555
 1.18242     0.511309
 1.19048     0.454917
 1.19859     0.398415
 1.20674     0.341837
 1.21493     0.285219
 1.22314     0.228595
 1.23137     0.172
 1.2396     0.115469
 1.24782     0.0590369
 1.25603     0.0027386
 1.26421     -0.0533911
 1.27237     -0.109317
 1.28048     -0.165005
 1.28853     -0.22042
 1.29652     -0.275526
 1.30445     -0.33029
 1.31229     -0.384676
 1.32004     -0.438649
 1.32769     -0.492175
 1.33522     -0.545218
 1.34264     -0.597744
 1.34993     -0.649718
 1.35708     -0.701104
 1.36409     -0.751869
 1.37093     -0.801977
 1.37761     -0.851394
 1.38411     -0.900083
 1.39043     -0.948012
 1.39655     -0.995144
 1.40246     -1.04145
 1.40816     -1.08688
 1.41363     -1.13142
 1.41887     -1.17501
 1.42386     -1.21764
 1.42861     -1.25926
 1.43308     -1.29985
 1.43729     -1.33935
 1.44122     -1.37775
 1.44485     -1.415
 1.44818     -1.45108
 1.4512     -1.48593
 1.4539     -1.51954
 1.45628     -1.55186
 1.45831     -1.58287
 1.45999     -1.61252
 1.46132     -1.64079
 1.46229     -1.66769
 1.46292     -1.69325
 1.46321     -1.71748
 1.46316     -1.74041
 1.46278     -1.76206
 1.46208     -1.78245
 1.46106     -1.8016
 1.45973     -1.81953
 1.45809     -1.83627
 1.45614     -1.85183
 1.45391     -1.86624
 1.45138     -1.87952
 1.44857     -1.89169
 1.44548     -1.90278
 1.44212     -1.91279
 1.43849     -1.92176
 1.4346     -1.92971
 1.43046     -1.93666
 1.42606     -1.94262
 1.42142     -1.94763
 1.41654     -1.9517
 1.41144     -1.95485
 1.4061     -1.95711
 1.40054     -1.9585
 1.39477     -1.95903
 1.38879     -1.95874
 1.3826     -1.95763
 1.37621     -1.95574
 1.36964     -1.95309
 1.36287     -1.94969
 1.35593     -1.94557
 1.34881     -1.94074
 1.34152     -1.93524
 1.33406     -1.92908
 1.32645     -1.92228
 1.31868     -1.91487
 1.31077     -1.90687
 1.30272     -1.89829
 1.29453     -1.88917
 1.28621     -1.87951
 1.27777     -1.86935
 1.26921     -1.8587
 1.26054     -1.84759
 1.25176     -1.83603
 1.24288     -1.82406
 1.2339     -1.81168
 1.22484     -1.79892
 1.21569     -1.78581
 1.20646     -1.77237
 1.19716     -1.75861
 1.1878     -1.74455
 1.17837     -1.73023
 1.16889     -1.71566
 1.15936     -1.70086
 1.14978     -1.68585
 1.14017     -1.67066
 1.13052     -1.6553
 1.12085     -1.63981
 1.11115     -1.62419
 1.10144     -1.60848
 1.09172     -1.59268
 1.082     -1.57684
 1.07228     -1.56095
 1.06257     -1.54506
 1.05287     -1.52917
 1.04319     -1.51332
 1.03353     -1.49751
 1.02391     -1.48178
 1.01432     -1.46615
 1.00477     -1.45063
 0.995269     -1.43525
 0.985823     -1.42002
 0.976435     -1.40498
 0.967113     -1.39014
 0.957861     -1.37553
 0.948686     -1.36116
 0.939592     -1.34706
 0.930586     -1.33324
 0.921674     -1.31974
 0.91286     -1.30657
 0.904152     -1.29375
 0.895554     -1.2813
 0.887072     -1.26925
 0.878712     -1.25762
 0.87048     -1.24643
 0.862382     -1.23569
 0.854422     -1.22544
 0.846608     -1.2157
 0.838944     -1.20647
 0.831436     -1.1978
 0.824091     -1.18969
 0.816913     -1.18217
 0.809908     -1.17526
 0.803083     -1.16899
 0.796443     -1.16337
 0.789993     -1.15842
 0.78374     -1.15417
 0.777689     -1.15064
 0.771845     -1.14785
 0.766214     -1.14582
 0.760791     -1.14453
 0.755573     -1.14397
 0.750555     -1.14413
 0.745732     -1.14499
 0.7411     -1.14653
 0.736655     -1.14874
 0.732392     -1.15161
 0.728306     -1.15511
 0.724394     -1.15924
 0.72065     -1.16398
 0.717069     -1.1693
 0.713649     -1.17521
 0.710383     -1.18168
 0.707268     -1.18869
 0.704299     -1.19623
 0.701471     -1.20429
 0.69878     -1.21285
 0.696222     -1.22189
 0.693792     -1.23141
 0.691485     -1.24138
 0.689297     -1.25178
 0.687224     -1.26261
 0.685261     -1.27385
 0.683403     -1.28548
 0.681646     -1.29749
 0.679986     -1.30985
 0.678417     -1.32257
 0.676937     -1.33562
 0.675539     -1.34898
 0.674219     -1.36264
 0.672974     -1.37659
 0.671798     -1.39081
 0.670687     -1.40528
 0.669637     -1.41999
 0.668642     -1.43492
 0.667699     -1.45006
 0.666803     -1.4654
 0.66595     -1.48091
 0.665134     -1.49658
 0.664352     -1.5124
 0.663599     -1.52835
 0.662871     -1.54442
 0.662162     -1.56059
 0.661469     -1.57684
 0.660787     -1.59316
 0.660112     -1.60954
 0.659438     -1.62596
 0.658762     -1.6424
 0.658079     -1.65884
 0.657384     -1.67529
 0.656673     -1.6917
 0.655942     -1.70808
 0.655186     -1.72441
 0.6544     -1.74067
 0.65358     -1.75684
 0.652722     -1.77292
 0.65182     -1.78888
 0.650871     -1.80471
 0.64987     -1.82039
 0.648813     -1.83592
 0.647694     -1.85126
 0.64651     -1.86642
 0.645256     -1.88137
 0.643928     -1.89609
 0.64252     -1.91058
 0.641029     -1.92482
 0.63945     -1.93878
 0.637778     -1.95247
 0.63601     -1.96585
 0.634139     -1.97892
 0.632163     -1.99166
 0.630076     -2.00405
 0.627875     -2.01609
 0.625553     -2.02774
 0.623108     -2.03901
 0.620534     -2.04987
 0.617827     -2.0603
 0.614982     -2.0703
 0.611996     -2.07985
 0.608863     -2.08892
 0.605579     -2.09752
 0.602139     -2.10561
 0.59854     -2.11319
 0.594775     -2.12024
 0.590842     -2.12675
 0.586735     -2.13269
 0.582451     -2.13806
 0.577983     -2.14284
 0.573329     -2.14701
 0.568483     -2.15056
 0.563441     -2.15347
 0.558198     -2.15573
 0.552751     -2.15732
 0.547094     -2.15822
 0.541223     -2.15843
 0.535133     -2.15792
 0.52882     -2.15669
 0.52228     -2.1547
 0.515508     -2.15196
 0.508501     -2.14845
 0.501263     -2.14417
 0.493799     -2.13915
 0.486116     -2.13339
 0.478219     -2.12691
 0.470114     -2.11973
 0.461806     -2.11185
 0.4533     -2.10329
 0.444604     -2.09406
 0.435721     -2.08418
 0.426658     -2.07367
 0.417421     -2.06252
 0.408015     -2.05077
 0.398445     -2.03842
 0.388718     -2.02549
 0.378839     -2.01199
 0.368813     -1.99793
 0.358646     -1.98332
 0.348345     -1.96819
 0.337913     -1.95255
 0.327358     -1.9364
 0.316685     -1.91977
 0.305899     -1.90266
 0.295006     -1.88509
 0.284012     -1.86708
 0.272922     -1.84863
 0.261742     -1.82976
 0.250477     -1.81049
 0.239134     -1.79083
 0.227717     -1.77079
 0.216233     -1.75038
 0.204687     -1.72963
 0.193085     -1.70854
 0.181432     -1.68713
 0.169734     -1.6654
 0.157996     -1.64338
 0.146225     -1.62108
 0.134426     -1.59852
 0.122604     -1.57569
 0.110765     -1.55263
 0.0989156     -1.52934
 0.0870602     -1.50584
 0.0752048     -1.48214
 0.063355     -1.45825
 0.0515166     -1.43419
 0.0396951     -1.40998
 0.0278962     -1.38562
 0.0161255     -1.36113
 0.00438868     -1.33652
 -0.00730871     -1.31181
 -0.018961     -1.28701
 -0.0305625     -1.26213
 -0.0421077     -1.23719
 -0.0535909     -1.2122
 -0.0650064     -1.18718
 -0.0763487     -1.16214
 -0.087612     -1.13709
 -0.0987909     -1.11205
 -0.10988     -1.08703
 -0.120872     -1.06204
 -0.131764     -1.0371
 -0.142548     -1.01222
 -0.15322     -0.987417
 -0.163773     -0.962704
 -0.174202     -0.938092
 -0.184502     -0.913598
 -0.194667     -0.889233
 -0.20469     -0.865013
 -0.214568     -0.84095
 -0.224293     -0.817059
 -0.23386     -0.793352
 -0.243264     -0.769845
 -0.252499     -0.74655
 -0.261559     -0.723482
 -0.270439     -0.700654
 -0.279133     -0.678079
 -0.287635     -0.655772
 -0.29594     -0.633747
 -0.304043     -0.612016
 -0.311936     -0.590594
 -0.319616     -0.569494
 -0.327076     -0.548731
 -0.334311     -0.528317
 -0.341315     -0.508267
 -0.348082     -0.488595
 -0.354607     -0.469313
 -0.360884     -0.450437
 -0.366907     -0.431979
 -0.372671     -0.413953
 -0.378171     -0.396373
 -0.3834     -0.379253
 -0.388353     -0.362606
 -0.393024     -0.346446
 -0.397408     -0.330788
 -0.401499     -0.315644
 -0.405292     -0.301028
 -0.40878     -0.286954
 -0.411958     -0.273437
 -0.414821     -0.260488
 -0.417363     -0.248123
 -0.41958     -0.236352
 -0.421475     -0.225173
 -0.423055     -0.214579
 -0.424325     -0.204566
 -0.42529     -0.195127
 -0.425955     -0.186258
 -0.426327     -0.177953
 -0.42641     -0.170206
 -0.42621     -0.163011
 -0.425733     -0.156364
 -0.424985     -0.150259
 -0.423969     -0.144689
 -0.422693     -0.13965
 -0.421162     -0.135137
 -0.41938     -0.131142
 -0.417355     -0.127662
 -0.41509     -0.124691
 -0.412592     -0.122222
 -0.409866     -0.12025
 -0.406917     -0.118771
 -0.403751     -0.117778
 -0.400374     -0.117265
 -0.396791     -0.117228
 -0.393007     -0.117661
 -0.389029     -0.118557
 -0.384861     -0.119913
 -0.380508     -0.121721
 -0.375977     -0.123977
 -0.371273     -0.126675
 -0.366402     -0.12981
 -0.361368     -0.133376
 -0.356178     -0.137367
 -0.350837     -0.141778
 -0.34535     -0.146603
 -0.339723     -0.151838
 -0.333961     -0.157475
 -0.32807     -0.16351
 -0.322055     -0.169938
 -0.315923     -0.176752
 -0.309677     -0.183948
 -0.303324     -0.191519
 -0.29687     -0.19946
 -0.290319     -0.207766
 -0.283678     -0.216431
 -0.276951     -0.22545
 -0.270145     -0.234816
 -0.263264     -0.244525
 -0.256314     -0.25457
 -0.249301     -0.264948
 -0.242231     -0.275651
 -0.235108     -0.286674
 -0.227938     -0.298012
 -0.220726     -0.309659
 -0.213479     -0.32161
 -0.206202     -0.333859
 -0.1989     -0.346401
 -0.191578     -0.35923
 -0.184242     -0.372341
 -0.176898     -0.385727
 -0.169551     -0.399384
 -0.162206     -0.413306
 -0.15487     -0.427488
 -0.147547     -0.441923
 -0.140243     -0.456607
 -0.132964     -0.471533
 -0.125714     -0.486697
 -0.118501     -0.502093
 -0.111328     -0.517715
 -0.104201     -0.533557
 -0.0971266     -0.549615
 -0.0901096     -0.565882
 -0.0831554     -0.582354
 -0.0762696     -0.599024
 -0.0694578     -0.615887
 -0.0627253     -0.632937
 -0.0560778     -0.65017
 -0.0495206     -0.667579
 -0.0430592     -0.685159
 -0.0366992     -0.702904
 -0.030446     -0.720809
 -0.0243052     -0.738868
 -0.0182821     -0.757076
 -0.0123824     -0.775428
 -0.00661142     -0.793917
 -0.000974737     -0.812538
 0.00452218     -0.831286
 0.00987385     -0.850154
 0.0150748     -0.869139
 0.0201195     -0.888233
 0.0250025     -0.907432
 0.0297182     -0.92673
 0.0342613     -0.946121
 0.0386262     -0.965601
 0.0428074     -0.985162
 0.0467995     -1.0048
 0.0505969     -1.02451
 0.0541942     -1.04429
 0.0575859     -1.06412
 0.0607664     -1.08401
 0.0637303     -1.10395
 0.0664736     -1.12393
 0.0689976     -1.14396
 0.0713051     -1.16401
 0.0733991     -1.18409
 0.0752822     -1.2042
 0.0769574     -1.22432
 0.0784275     -1.24446
 0.0796953     -1.2646
 0.0807637     -1.28475
 0.0816354     -1.30489
 0.0823133     -1.32503
 0.0828003     -1.34515
 0.0830991     -1.36525
 0.0832125     -1.38533
 0.0831435     -1.40538
 0.0828948     -1.4254
 0.0824693     -1.44538
 0.0818698     -1.46531
 0.0810991     -1.48519
 0.0801601     -1.50502
 0.0790555     -1.52479
 0.0777883     -1.54449
 0.0763612     -1.56413
 0.0747771     -1.58369
 0.0730387     -1.60316
 0.071149     -1.62256
 0.0691108     -1.64186
 0.0669268     -1.66106
 0.0645999     -1.68017
 0.062133     -1.69917
 0.0595288     -1.71805
 0.0567903     -1.73682
 0.0539202     -1.75547
 0.0509213     -1.77399
 0.0477965     -1.79238
 0.0445486     -1.81063
 0.0411805     -1.82873
 0.0376949     -1.8467
 0.0340947     -1.8645
 0.0303828     -1.88215
 0.0265619     -1.89964
 0.0226348     -1.91695
 0.0186045     -1.9341
 0.0144738     -1.95106
 0.0102454     -1.96784
 0.0059222     -1.98443
 0.00150703     -2.00083
 -0.00299728     -2.01703
 -0.00758791     -2.03302
 -0.012262     -2.0488
 -0.0170168     -2.06437
 -0.0218494     -2.07972
 -0.026757     -2.09484
 -0.0317368     -2.10973
 -0.0367859     -2.12439
 -0.0419016     -2.13881
 -0.0470809     -2.15297
 -0.0523211     -2.16689
 -0.0576193     -2.18055
 -0.0629727     -2.19395
 -0.0683785     -2.20709
 -0.0738338     -2.21995
 -0.0793359     -2.23253
 -0.0848818     -2.24483
 -0.0904688     -2.25685
 -0.0960941     -2.26857
 -0.101755     -2.27999
 -0.107448     -2.29111
 -0.113171     -2.30192
 -0.118921     -2.31242
 -0.124695     -2.3226
 -0.13049     -2.33246
 -0.136304     -2.34199
 -0.142133     -2.35118
 -0.147975     -2.36004
 -0.153827     -2.36855
 -0.159686     -2.37671
 -0.165549     -2.38451
 -0.171414     -2.39196
 -0.177277     -2.39904
 -0.183137     -2.40575
 -0.188989     -2.41209
 -0.194831     -2.41804
 -0.200661     -2.42361
 -0.206475     -2.42879
 -0.212271     -2.43357
 -0.218045     -2.43795
 -0.223796     -2.44192
 -0.22952     -2.44549
 -0.235214     -2.44863
 -0.240876     -2.45136
 -0.246502     -2.45365
 -0.25209     -2.45552
 -0.257638     -2.45694
 -0.263141     -2.45793
 -0.268598     -2.45846
 -0.274005     -2.45855
 -0.27936     -2.45817
 -0.28466     -2.45733
 -0.289902     -2.45603
 -0.295084     -2.45425
 -0.300206     -2.45201
 -0.305269     -2.44931
 -0.310274     -2.44618
 -0.315222     -2.44261
 -0.320113     -2.43862
 -0.324949     -2.43421
 -0.329731     -2.42941
 -0.334459     -2.42422
 -0.339134     -2.41865
 -0.343757     -2.41271
 -0.34833     -2.4064
 -0.352852     -2.39976
 -0.357326     -2.39277
 -0.361751     -2.38545
 -0.366129     -2.37782
 -0.37046     -2.36988
 -0.374746     -2.36164
 -0.378987     -2.35312
 -0.383184     -2.34433
 -0.387339     -2.33526
 -0.391452     -2.32595
 -0.395523     -2.31638
 -0.399555     -2.30659
 -0.403547     -2.29657
 -0.4075     -2.28634
 -0.411417     -2.2759
 -0.415296     -2.26528
 -0.41914     -2.25447
 -0.422949     -2.24349
 -0.426725     -2.23235
 -0.430467     -2.22106
 -0.434177     -2.20963
 -0.437856     -2.19807
 -0.441505     -2.18639
 -0.445124     -2.1746
 -0.448715     -2.16271
 -0.452278     -2.15074
 -0.455814     -2.13869
 -0.459325     -2.12657
 -0.46281     -2.11439
 -0.466272     -2.10217
 -0.46971     -2.08991
 -0.473127     -2.07763
 -0.476521     -2.06533
 -0.479896     -2.05303
 -0.483251     -2.04074
 -0.486587     -2.02846
 -0.489905     -2.01621
 -0.493206     -2.00399
 -0.496492     -1.99182
 -0.499762     -1.97972
 -0.503019     -1.96767
 -0.506262     -1.95571
 -0.509492     -1.94384
 -0.512711     -1.93207
 -0.51592     -1.92041
 -0.519118     -1.90887
 -0.522308     -1.89746
 -0.52549     -1.88619
 -0.528665     -1.87507
 -0.531834     -1.86412
 -0.534998     -1.85334
 -0.538157     -1.84274
 -0.541313     -1.83234
 -0.544466     -1.82214
 -0.547618     -1.81215
 -0.550769     -1.80239
 -0.55392     -1.79287
 -0.557072     -1.78359
 -0.560226     -1.77457
 -0.563383     -1.76581
 -0.566544     -1.75733
 -0.569709     -1.74914
 -0.57288     -1.74125
 -0.576057     -1.73366
 -0.579241     -1.7264
 -0.582434     -1.71946
 -0.585636     -1.71286
 -0.588848     -1.70662
 -0.592071     -1.70073
 -0.595305     -1.69522
 -0.598552     -1.69009
 -0.601813     -1.68534
 -0.605088     -1.68101
 -0.608379     -1.67708
 -0.611686     -1.67358
 -0.61501     -1.67051
 -0.618352     -1.66788
 -0.621713     -1.66571
 -0.625094     -1.664
 -0.628496     -1.66277
 -0.631919     -1.66203
 -0.635365     -1.66178
 -0.638835     -1.66204
 -0.642328     -1.66281
 -0.645847     -1.66412
 -0.649392     -1.66596
 -0.652964     -1.66835
 -0.656564     -1.67129
 -0.660193     -1.67481
 -0.66385     -1.67888
 -0.667536     -1.68349
 -0.67125     -1.68863
 -0.674992     -1.6943
 -0.678762     -1.70046
 -0.68256     -1.70712
 -0.686386     -1.71427
 -0.690239     -1.72188
 -0.694119     -1.72994
 -0.698027     -1.73845
 -0.701961     -1.74738
 -0.705923     -1.75673
 -0.70991     -1.76649
 -0.713925     -1.77664
 -0.717965     -1.78717
 -0.722032     -1.79806
 -0.726125     -1.8093
 -0.730243     -1.82089
 -0.734387     -1.83281
 -0.738557     -1.84504
 -0.742752     -1.85757
 -0.746972     -1.87039
 -0.751216     -1.88349
 -0.755486     -1.89685
 -0.75978     -1.91047
 -0.764099     -1.92432
 -0.768442     -1.9384
 -0.772809     -1.9527
 -0.7772     -1.96719
 -0.781614     -1.98188
 -0.786053     -1.99673
 -0.790514     -2.01176
 -0.794999     -2.02693
 -0.799507     -2.04224
 -0.804038     -2.05767
 -0.808592     -2.07322
 -0.813168     -2.08886
 -0.817767     -2.10459
 -0.822388     -2.1204
 -0.827031     -2.13627
 -0.831696     -2.15218
 -0.836383     -2.16813
 -0.841091     -2.18411
 -0.845821     -2.20009
 -0.850571     -2.21607
 -0.855343     -2.23204
 -0.860136     -2.24798
 -0.86495     -2.26388
 -0.869784     -2.27973
 -0.874638     -2.29551
 -0.879513     -2.31121
 -0.884408     -2.32682
 -0.889322     -2.34233
 -0.894257     -2.35772
 -0.899211     -2.37298
 -0.904184     -2.3881
 -0.909176     -2.40306
 -0.914188     -2.41786
 -0.919218     -2.43248
 -0.924268     -2.4469
 -0.929335     -2.46112
 -0.934421     -2.47512
 -0.939525     -2.48889
 -0.944648     -2.50242
 -0.949788     -2.51569
 -0.954946     -2.52869
 -0.960121     -2.5414
 -0.965314     -2.55383
 -0.970523     -2.56595
 -0.97575     -2.57775
 -0.980994     -2.58921
 -0.986254     -2.60033
 -0.991531     -2.61109
 -0.996825     -2.62148
 -1.00213     -2.63149
 -1.00746     -2.64111
 -1.0128     -2.65031
 -1.01816     -2.65909
 -1.02353     -2.66744
 -1.02892     -2.67534
 -1.03432     -2.68278
 -1.03974     -2.68975
 -1.04517     -2.69624
 -1.05062     -2.70223
 -1.05608     -2.7077
 -1.06156     -2.71266
 -1.06705     -2.71708
 -1.07255     -2.72095
 -1.07807     -2.72426
 -1.0836     -2.72699
 -1.08915     -2.72914
 -1.09471     -2.73069
 -1.10028     -2.73163
 -1.10586     -2.73194
 -1.11146     -2.73162
 -1.11707     -2.73064
 -1.12269     -2.72901
 -1.12833     -2.72669
 -1.13398     -2.72369
 -1.13963     -2.72
 -1.1453     -2.71562
 -1.15098     -2.71057
 -1.15667     -2.70488
 -1.16236     -2.69855
 -1.16806     -2.69161
 -1.17377     -2.68407
 -1.17947     -2.67595
 -1.18518     -2.66727
 -1.19089     -2.65804
 -1.1966     -2.64828
 -1.20231     -2.63801
 -1.20801     -2.62724
 -1.21371     -2.616
 -1.2194     -2.6043
 -1.22508     -2.59216
 -1.23076     -2.57959
 -1.23642     -2.56661
 -1.24208     -2.55324
 -1.24772     -2.53949
 -1.25335     -2.52539
 -1.25896     -2.51095
 -1.26456     -2.49619
 -1.27014     -2.48112
 -1.2757     -2.46576
 -1.28125     -2.45013
 -1.28677     -2.43425
 -1.29226     -2.41813
 -1.29774     -2.4018
 -1.30319     -2.38526
 -1.30861     -2.36853
 -1.314     -2.35164
 -1.31937     -2.33459
 -1.3247     -2.31742
 -1.33001     -2.30012
 -1.33528     -2.28273
 -1.34051     -2.26526
 -1.34571     -2.24772
 -1.35088     -2.23013
 -1.356     -2.21252
 -1.36109     -2.19489
 -1.36613     -2.17726
 -1.37114     -2.15965
 -1.3761     -2.14209
 -1.38102     -2.12458
 -1.38589     -2.10714
 -1.39071     -2.08979
 -1.39549     -2.07255
 -1.40021     -2.05544
 -1.40489     -2.03846
 -1.40951     -2.02165
 -1.41408     -2.00501
 -1.4186     -1.98856
 -1.42306     -1.97232
 -1.42746     -1.95631
 -1.4318     -1.94055
 -1.43609     -1.92505
 -1.44031     -1.90982
 -1.44447     -1.8949
 -1.44856     -1.88028
 -1.4526     -1.866
 -1.45656     -1.85207
 -1.46046     -1.8385
 -1.46429     -1.82531
 -1.46805     -1.81252
 -1.47174     -1.80015
 -1.47535     -1.78821
 -1.47889     -1.77673
 -1.48236     -1.76571
 -1.48575     -1.75518
 -1.48906     -1.74515
 -1.49229     -1.73564
 -1.49545     -1.72666
 -1.49852     -1.71824
 -1.50151     -1.7104
 -1.50441     -1.70314
 -1.50723     -1.69648
 -1.50996     -1.69045
 -1.5126     -1.68506
 -1.51516     -1.68033
 -1.51762     -1.67627
 -1.51999     -1.6729
 -1.52227     -1.67025
 -1.52446     -1.66831
 -1.52655     -1.66712
 -1.52854     -1.6667
 -1.53043     -1.66705
 -1.53223     -1.66819
 -1.53392     -1.67015
 -1.53551     -1.67293
 -1.537     -1.67656
 -1.53838     -1.68106
 -1.53966     -1.68644
 -1.54083     -1.69271
 -1.54189     -1.6999
 -1.54285     -1.70802
 -1.54369     -1.71709
 -1.54442     -1.72713
 -1.54503     -1.73815
 -1.54553     -1.75018
 -1.54592     -1.76321
 -1.54619     -1.77724
 -1.54635     -1.79225
 -1.5464     -1.8082
 -1.54635     -1.82509
 -1.5462     -1.84288
 -1.54594     -1.86156
 -1.54559     -1.8811
 -1.54515     -1.90148
 -1.54461     -1.92268
 -1.54399     -1.94467
 -1.54328     -1.96743
 -1.54249     -1.99095
 -1.54162     -2.0152
 -1.54067     -2.04015
 -1.53965     -2.06578
 -1.53855     -2.09208
 -1.53739     -2.11902
 -1.53616     -2.14657
 -1.53487     -2.17472
 -1.53352     -2.20344
 -1.53211     -2.23271
 -1.53065     -2.26251
 -1.52913     -2.29282
 -1.52757     -2.32361
 -1.52596     -2.35486
 -1.5243     -2.38655
 -1.52261     -2.41865
 -1.52088     -2.45116
 -1.51911     -2.48403
 -1.51731     -2.51725
 -1.51548     -2.5508
 -1.51362     -2.58465
 -1.51175     -2.61879
 -1.50984     -2.65319
 -1.50793     -2.68783
 -1.50599     -2.72268
 -1.50404     -2.75773
 -1.50209     -2.79294
 -1.50012     -2.82831
 -1.49815     -2.86381
 -1.49618     -2.8994
 -1.49422     -2.93509
 -1.49225     -2.97083
 -1.49029     -3.00661
 -1.48835     -3.0424
 -1.48641     -3.07819
 -1.48449     -3.11395
 -1.48259     -3.14965
 -1.48071     -3.18529
 -1.47885     -3.22082
 -1.47702     -3.25624
 -1.47522     -3.29152
 -1.47345     -3.32664
 -1.47171     -3.36157
 -1.47002     -3.39629
 -1.46836     -3.43079
 -1.46675     -3.46503
 -1.46518     -3.499
 -1.46366     -3.53267
 -1.4622     -3.56602
 -1.46079     -3.59903
 -1.45943     -3.63168
 -1.45814     -3.66394
 -1.4569     -3.6958
 -1.45574     -3.72722
 -1.45464     -3.75819
 -1.45362     -3.78869
 -1.45266     -3.81869
 -1.45179     -3.84817
 -1.45099     -3.87711
 -1.45028     -3.90548
 -1.44965     -3.93327
 -1.44911     -3.96045
 -1.44866     -3.987
 -1.44831     -4.0129
 -1.44805     -4.03812
 -1.44789     -4.06264
 -1.44783     -4.08644
 -1.44788     -4.1095
 -1.44803     -4.1318
 -1.4483     -4.15331
 -1.44868     -4.17401
 -1.44917     -4.19388
 -1.44978     -4.2129
 -1.45052     -4.23104
 -1.45138     -4.24828
 -1.45236     -4.2646
 -1.45348     -4.27998
 -1.45473     -4.29439
 -1.45612     -4.30782
 -1.45764     -4.32023
 -1.4593     -4.33162
 -1.46111     -4.34195
 -1.46307     -4.3512
 -1.46517     -4.35936
 -1.46743     -4.36639
 -1.46984     -4.37228
 -1.47241     -4.377
 -1.47515     -4.38054
 -1.47804     -4.38287
 -1.4811     -4.38402
 -1.48431     -4.384
 -1.48769     -4.38283
 -1.49122     -4.38054
 -1.4949     -4.37715
 -1.49874     -4.37268
 -1.50273     -4.36715
 -1.50686     -4.36058
 -1.51115     -4.353
 -1.51558     -4.34443
 -1.52015     -4.33488
 -1.52486     -4.32439
 -1.52972     -4.31296
 -1.53471     -4.30064
 -1.53984     -4.28742
 -1.5451     -4.27334
 -1.55049     -4.25843
 -1.55602     -4.24269
 -1.56167     -4.22615
 -1.56746     -4.20884
 -1.57336     -4.19078
 -1.57939     -4.17198
 -1.58554     -4.15247
 -1.59181     -4.13227
 -1.5982     -4.11141
 -1.60471     -4.08989
 -1.61132     -4.06776
 -1.61806     -4.04502
 -1.6249     -4.0217
 -1.63185     -3.99783
 -1.6389     -3.97341
 -1.64606     -3.94848
 -1.65333     -3.92306
 -1.66069     -3.89716
 -1.66816     -3.87081
 -1.67572     -3.84404
 -1.68338     -3.81686
 -1.69113     -3.78929
 -1.69898     -3.76136
 -1.70691     -3.73309
 -1.71494     -3.7045
 -1.72305     -3.6756
 -1.73124     -3.64644
 -1.73952     -3.61701
 -1.74788     -3.58736
 -1.75632     -3.55749
 -1.76483     -3.52743
 -1.77343     -3.49721
 -1.78209     -3.46684
 -1.79083     -3.43634
 -1.79964     -3.40574
 -1.80851     -3.37506
 -1.81745     -3.34432
 -1.82646     -3.31354
 -1.83553     -3.28275
 -1.84466     -3.25196
 -1.85385     -3.22119
 -1.8631     -3.19048
 -1.8724     -3.15984
 -1.88176     -3.12929
 -1.89116     -3.09885
 -1.90062     -3.06855
 -1.91013     -3.03841
 -1.91968     -3.00845
 -1.92928     -2.97869
 -1.93892     -2.94915
 -1.9486     -2.91985
 -1.95831     -2.89082
 -1.96807     -2.86208
 -1.97786     -2.83365
 -1.98769     -2.80555
 -1.99754     -2.7778
 -2.00743     -2.75043
 -2.01735     -2.72345
 -2.02729     -2.69689
 -2.03725     -2.67077
 -2.04724     -2.64511
 -2.05725     -2.61994
 -2.06727     -2.59527
 -2.07732     -2.57113
 -2.08738     -2.54753
 -2.09745     -2.52451
 -2.10753     -2.50207
 -2.11763     -2.48025
 -2.12773     -2.45907
 -2.13783     -2.43854
 -2.14795     -2.41869
 -2.15806     -2.39954
 -2.16817     -2.38111
 -2.17829     -2.36343
 -2.1884     -2.34651
 -2.1985     -2.33038
 -2.2086     -2.31506
 -2.21869     -2.30057
 -2.22877     -2.28693
 -2.23883     -2.27416
 -2.24889     -2.26229
 -2.25892     -2.25134
 -2.26894     -2.24133
 -2.27894     -2.23227
 -2.28891     -2.22415
 -2.29886     -2.21697
 -2.30877     -2.21071
 -2.31864     -2.20534
 -2.32846     -2.20086
 -2.33823     -2.19726
 -2.34795     -2.19451
 -2.35761     -2.1926
 -2.3672     -2.19152
 -2.37672     -2.19125
 -2.38617     -2.19178
 -2.39554     -2.1931
 -2.40482     -2.19518
 -2.414     -2.19801
 -2.4231     -2.20158
 -2.43209     -2.20588
 -2.44098     -2.21088
 -2.44975     -2.21658
 -2.45841     -2.22295
 -2.46695     -2.22999
 -2.47536     -2.23768
 -2.48364     -2.24601
 -2.49178     -2.25495
 -2.49978     -2.2645
 -2.50764     -2.27463
 -2.51534     -2.28534
 -2.52288     -2.29662
 -2.53027     -2.30843
 -2.53748     -2.32078
 -2.54453     -2.33364
 -2.55139     -2.34701
 -2.55808     -2.36086
 -2.56458     -2.37518
 -2.57088     -2.38995
 -2.57699     -2.40517
 -2.58289     -2.42081
 -2.58859     -2.43687
 -2.59407     -2.45332
 -2.59934     -2.47016
 -2.60438     -2.48736
 -2.6092     -2.50491
 -2.61378     -2.52281
 -2.61812     -2.54102
 -2.62222     -2.55954
 -2.62607     -2.57836
 -2.62967     -2.59745
 -2.63301     -2.6168
 -2.63609     -2.63641
 -2.63889     -2.65625
 -2.64142     -2.6763
 -2.64368     -2.69656
 -2.64565     -2.71701
 -2.64733     -2.73764
 -2.64872     -2.75842
 -2.6498     -2.77935
 -2.65059     -2.8004
 -2.65106     -2.82158
 -2.65122     -2.84285
 -2.65106     -2.8642
 -2.65057     -2.88563
 -2.64976     -2.90711
 -2.64861     -2.92864
 -2.64712     -2.95019
 -2.64528     -2.97175
 -2.6431     -2.9933
 -2.64056     -3.01484
 -2.63766     -3.03634
 -2.63439     -3.0578
 -2.63075     -3.07919
 -2.62674     -3.1005
 -2.62235     -3.12172
 -2.61757     -3.14284
 -2.6124     -3.16383
 -2.60684     -3.18468
 -2.60087     -3.20538
 -2.5945     -3.22591
 -2.58771     -3.24627
 -2.58051     -3.26642
 -2.57289     -3.28636
 -2.56485     -3.30608
 -2.55637     -3.32555
 -2.54745     -3.34477
 -2.5381     -3.36372
 -2.52829     -3.38238
 -2.51804     -3.40074
 -2.50732     -3.41879
 -2.49615     -3.4365
 -2.48451     -3.45387
 -2.4724     -3.47088
 -2.45981     -3.48751
 -2.44673     -3.50376
 -2.43317     -3.5196
 -2.41912     -3.53502
 -2.40457     -3.55001
 -2.38952     -3.56454
 -2.37395     -3.57862
 -2.35788     -3.59221
 -2.34129     -3.60531
 -2.32418     -3.6179
 -2.30654     -3.62997
 -2.28838     -3.64153
 -2.26973     -3.65258
 -2.2506     -3.66313
 -2.23099     -3.67319
 -2.21093     -3.68277
 -2.19043     -3.69188
 -2.16951     -3.70052
 -2.14817     -3.7087
 -2.12644     -3.71643
 -2.10433     -3.72372
 -2.08185     -3.73058
 -2.05902     -3.73701
 -2.03585     -3.74303
 -2.01236     -3.74864
 -1.98856     -3.75385
 -1.96446     -3.75866
 -1.94009     -3.7631
 -1.91546     -3.76716
 -1.89057     -3.77085
 -1.86545     -3.77418
 -1.84011     -3.77716
 -1.81457     -3.7798
 -1.78883     -3.78211
 -1.76292     -3.78409
 -1.73685     -3.78575
 -1.71063     -3.7871
 -1.68428     -3.78815
 -1.65781     -3.78891
 -1.63124     -3.78939
 -1.60458     -3.78958
 -1.57785     -3.78951
 -1.55106     -3.78918
 -1.52423     -3.7886
 -1.49737     -3.78777
 -1.47049     -3.78671
 -1.44361     -3.78542
 -1.41675     -3.78391
 -1.38991     -3.78219
 -1.36313     -3.78027
 -1.3364     -3.77816
 -1.30974     -3.77586
 -1.28317     -3.77338
 -1.25671     -3.77073
 -1.23036     -3.76792
 -1.20414     -3.76496
 -1.17807     -3.76185
 -1.15217     -3.7586
 -1.12643     -3.75523
 -1.10089     -3.75174
 -1.07556     -3.74813
 -1.05045     -3.74442
 -1.02557     -3.74062
 -1.00094     -3.73673
 -0.976572     -3.73276
 -0.952486     -3.72872
 -0.928693     -3.72461
 -0.905208     -3.72045
 -0.882047     -3.71625
 -0.859223     -3.71201
 -0.836751     -3.70774
 -0.814647     -3.70344
 -0.792924     -3.69914
 -0.771597     -3.69482
 -0.750682     -3.69052
 -0.730192     -3.68622
 -0.710143     -3.68194
 -0.690548     -3.67769
 -0.671423     -3.67348
 -0.652783     -3.66931
 -0.634642     -3.6652
 -0.617014     -3.66114
 -0.599915     -3.65716
 -0.583359     -3.65325
 -0.567361     -3.64942
 -0.551935     -3.64569
 -0.537096     -3.64207
 -0.522859     -3.63855
 -0.509238     -3.63515
 -0.496248     -3.63188
 -0.483905     -3.62874
 -0.472221     -3.62575
 -0.461213     -3.62291
 -0.450895     -3.62022
 -0.441281     -3.61771
 -0.432386     -3.61537
 -0.424225     -3.61322
 -0.416813     -3.61125
 -0.410164     -3.60949
 -0.404292     -3.60794
 -0.399213     -3.60661
 -0.394942     -3.6055
 -0.391492     -3.60462
 -0.388879     -3.60399
 -0.387116     -3.6036
 -0.38622     -3.60348
 -0.386205     -3.60362
 -0.387084     -3.60403
 -0.388874     -3.60473
 -0.391588     -3.60572
 -0.395237     -3.60701
 -0.399816     -3.60859
 -0.405316     -3.61047
 -0.411726     -3.61264
 -0.419039     -3.6151
 -0.427243     -3.61784
 -0.436331     -3.62086
 -0.446292     -3.62416
 -0.457117     -3.62773
 -0.468797     -3.63158
 -0.481322     -3.6357
 -0.494683     -3.64008
 -0.508871     -3.64473
 -0.523875     -3.64964
 -0.539688     -3.65481
 -0.556299     -3.66023
 -0.573699     -3.6659
 -0.591878     -3.67182
 -0.610828     -3.67799
 -0.630538     -3.6844
 -0.651     -3.69105
 -0.672204     -3.69793
 -0.69414     -3.70505
 -0.7168     -3.7124
 -0.740173     -3.71998
 -0.764251     -3.72778
 -0.789024     -3.7358
 -0.814483     -3.74404
 -0.840617     -3.7525
 -0.867419     -3.76117
 -0.894878     -3.77005
 -0.922986     -3.77914
 -0.951731     -3.78843
 -0.981107     -3.79792
 -1.0111     -3.80761
 -1.04171     -3.81749
 -1.07291     -3.82757
 -1.10471     -3.83783
 -1.13709     -3.84828
 -1.17005     -3.85891
 -1.20356     -3.86972
 -1.23764     -3.88071
 -1.27225     -3.89187
 -1.3074     -3.9032
 -1.34308     -3.91471
 -1.37928     -3.92637
 -1.41598     -3.9382
 -1.45318     -3.95018
 -1.49086     -3.96232
 -1.52903     -3.97462
 -1.56767     -3.98706
 -1.60676     -3.99965
 -1.64631     -4.01239
 -1.6863     -4.02526
 -1.72672     -4.03828
 -1.76756     -4.05142
 -1.80882     -4.0647
 -1.85048     -4.07811
 -1.89254     -4.09165
 -1.93498     -4.1053
 -1.97779     -4.11908
 -2.02097     -4.13297
 -2.06451     -4.14698
 -2.1084     -4.1611
 -2.15262     -4.17532
 -2.19718     -4.18966
 -2.24205     -4.20409
 -2.28723     -4.21862
 -2.33272     -4.23325
 -2.37849     -4.24797
 -2.42455     -4.26278
 -2.47088     -4.27767
 -2.51747     -4.29265
 -2.56431     -4.30772
 -2.6114     -4.32285
 -2.65873     -4.33807
 -2.70628     -4.35336
 -2.75404     -4.36871
 -2.80201     -4.38413
 -2.85018     -4.39962
 -2.89854     -4.41516
 -2.94708     -4.43076
 -2.99578     -4.44641
 -3.04465     -4.46212
 -3.09366     -4.47787
 -3.14282     -4.49367
 -3.19211     -4.50951
 -3.24151     -4.52539
 -3.29104     -4.54131
 -3.34066     -4.55725
 -3.39038     -4.57323
 -3.44019     -4.58924
 -3.49006     -4.60527
 -3.54001     -4.62132
 -3.59001     -4.63738
 -3.64006     -4.65347
 -3.69014     -4.66956
 -3.74026     -4.68566
 -3.79039     -4.70177
 -3.84053     -4.71789
